0 0.57421875 0.6875 0.134375 0.325
1 0.940625 0.5722222222222223 0.11875000000000001 0.275
1 0.47734375 0.607638888888889 0.0671875 0.1486111111111111
1 0.55625 0.5743055555555556 0.0703125 0.12361111111111112
1 0.298046875 0.6159722222222223 0.08828125 0.13472222222222222
1 0.21328125 0.6097222222222223 0.078125 0.10833333333333334
1 0.119140625 0.6430555555555556 0.23671875 0.18055555555555555
0 0.331640625 0.5791666666666667 0.014843750000000001 0.06666666666666667
0 0.35468750000000004 0.5583333333333333 0.0140625 0.04722222222222222
0 0.37617187500000004 0.5986111111111111 0.01953125 0.11388888888888889
0 0.392578125 0.6013888888888889 0.01640625 0.10555555555555556
0 0.405859375 0.6041666666666667 0.01640625 0.11666666666666667
0 0.516796875 0.6208333333333333 0.025781250000000002 0.1388888888888889
0 0.51875 0.5861111111111111 0.009375000000000001 0.08333333333333334
0 0.598828125 0.5694444444444444 0.02734375 0.061111111111111116
0 0.6585937500000001 0.5722222222222223 0.0125 0.05277777777777778
0 0.62890625 0.6423611111111112 0.035937500000000004 0.08472222222222223
0 0.67109375 0.5965277777777778 0.0171875 0.13194444444444445
0 0.68515625 0.5319444444444444 0.0203125 0.036111111111111115
0 0.6898437500000001 0.5930555555555556 0.026562500000000003 0.11111111111111112
0 0.7039062500000001 0.545138888888889 0.018750000000000003 0.02361111111111111
0 0.7140625 0.5930555555555556 0.0171875 0.13055555555555556
0 0.7230468750000001 0.5277777777777778 0.017968750000000002 0.025
0 0.734375 0.5340277777777778 0.0171875 0.03194444444444445
0 0.7375 0.5944444444444444 0.03125 0.10833333333333334
0 0.81796875 0.6 0.034375 0.13055555555555556
0 0.8363281250000001 0.5881944444444445 0.017968750000000002 0.12638888888888888
0 0.8546875 0.5979166666666667 0.0234375 0.11805555555555557
