1 0.45390625 0.6506944444444445 0.26406250000000003 0.15694444444444444
1 0.28125 0.6118055555555556 0.05625 0.12361111111111112
1 0.20859375000000002 0.6236111111111111 0.05625 0.12222222222222223
1 0.151171875 0.6333333333333333 0.04296875 0.09166666666666667
0 0.0765625 0.6340277777777779 0.0078125 0.1486111111111111
0 0.634375 0.6479166666666667 0.0234375 0.06805555555555556
0 0.61328125 0.5979166666666667 0.0125 0.12083333333333333
0 0.594140625 0.6048611111111112 0.00859375 0.11527777777777778
0 0.6609375000000001 0.5881944444444445 0.0125 0.09861111111111112
0 0.684765625 0.6027777777777777 0.02109375 0.1
0 0.6800781250000001 0.5361111111111111 0.014843750000000001 0.016666666666666666
0 0.705078125 0.5944444444444444 0.02109375 0.11111111111111112
0 0.7039062500000001 0.525 0.009375000000000001 0.022222222222222223
0 0.73203125 0.5305555555555556 0.0171875 0.02777777777777778
0 0.7328125000000001 0.5951388888888889 0.0203125 0.10138888888888889
0 0.855078125 0.5979166666666667 0.02890625 0.12638888888888888
0 0.8816406250000001 0.6111111111111112 0.02109375 0.14722222222222223
0 0.96796875 0.6020833333333333 0.034375 0.1513888888888889
