1 0.1234375 0.6597222222222222 0.24531250000000002 0.17222222222222222
1 0.21171875 0.5798611111111112 0.06406250000000001 0.06805555555555556
1 0.29296875 0.6152777777777778 0.07968750000000001 0.15833333333333333
1 0.479296875 0.6104166666666667 0.057031250000000006 0.1513888888888889
1 0.551171875 0.6048611111111112 0.06171875 0.14583333333333334
0 0.3765625 0.6 0.0171875 0.11111111111111112
0 0.39570312500000004 0.6034722222222223 0.01171875 0.09861111111111112
0 0.40625 0.6027777777777777 0.0140625 0.10555555555555556
0 0.43046875 0.5888888888888889 0.0203125 0.11111111111111112
0 0.51484375 0.5888888888888889 0.015625 0.08888888888888889
0 0.6078125000000001 0.6027777777777777 0.0203125 0.12222222222222223
0 0.6312500000000001 0.6451388888888889 0.0203125 0.06805555555555556
0 0.96640625 0.5986111111111111 0.0328125 0.15833333333333333
0 0.8671875 0.6090277777777778 0.025 0.14305555555555557
0 0.8402343750000001 0.6006944444444444 0.02734375 0.14027777777777778
0 0.7312500000000001 0.6020833333333333 0.0171875 0.10416666666666667
0 0.7328125000000001 0.5326388888888889 0.0203125 0.020833333333333336
0 0.69453125 0.5972222222222222 0.0171875 0.10833333333333334
0 0.659375 0.5923611111111111 0.018750000000000003 0.1125
0 0.67890625 0.5770833333333334 0.015625 0.09861111111111112
0 0.704296875 0.5409722222222222 0.013281250000000001 0.02361111111111111
