0 0.59140625 0.7666666666666667 0.1703125 0.45833333333333337
0 0.9636718750000001 0.5951388888888889 0.017968750000000002 0.14305555555555557
1 0.7605468750000001 0.5854166666666667 0.31015625 0.3125
1 0.47968750000000004 0.6090277777777778 0.046875 0.13472222222222222
1 0.296875 0.6263888888888889 0.07968750000000001 0.14722222222222223
1 0.225390625 0.6243055555555556 0.07421875 0.12916666666666668
1 0.15625 0.6458333333333334 0.040625 0.08333333333333334
0 0.0203125 0.6208333333333333 0.0328125 0.14722222222222223
0 0.05625 0.6173611111111111 0.018750000000000003 0.16805555555555557
0 0.9871093750000001 0.5875 0.01640625 0.10277777777777779
0 0.41718750000000004 0.6013888888888889 0.0203125 0.1
0 0.39570312500000004 0.5854166666666667 0.01171875 0.07361111111111111
0 0.37890625 0.5902777777777778 0.0140625 0.09722222222222222
0 0.3484375 0.5798611111111112 0.021875000000000002 0.0763888888888889
