0 0.017968750000000002 0.607638888888889 0.0328125 0.14583333333333334
0 0.06640625 0.6104166666666667 0.018750000000000003 0.14305555555555557
0 0.07968750000000001 0.6326388888888889 0.015625 0.1486111111111111
0 0.2546875 0.5743055555555556 0.018750000000000003 0.05416666666666667
0 0.334765625 0.5854166666666667 0.017968750000000002 0.08194444444444444
0 0.35390625000000003 0.58125 0.0140625 0.07916666666666666
0 0.37031250000000004 0.607638888888889 0.015625 0.10972222222222222
0 0.378515625 0.5569444444444445 0.01171875 0.025
0 0.394140625 0.6048611111111112 0.025781250000000002 0.11805555555555557
0 0.405078125 0.6034722222222223 0.01640625 0.10694444444444445
0 0.9625 0.6006944444444444 0.0390625 0.15416666666666667
0 0.8601562500000001 0.5972222222222222 0.028125 0.12222222222222223
0 0.83515625 0.5909722222222222 0.037500000000000006 0.12638888888888888
0 0.7359375 0.5638888888888889 0.025 0.04722222222222222
0 0.7347656250000001 0.5333333333333333 0.022656250000000003 0.02777777777777778
0 0.6644531250000001 0.5444444444444445 0.01953125 0.030555555555555558
0 0.6839843750000001 0.545138888888889 0.017968750000000002 0.05416666666666667
0 0.6996093750000001 0.5548611111111111 0.025781250000000002 0.043055555555555555
1 0.98203125 0.6416666666666667 0.035937500000000004 0.10833333333333334
1 0.5945312500000001 0.5944444444444444 0.3375 0.2777777777777778
1 0.287890625 0.6236111111111111 0.09453125000000001 0.1388888888888889
1 0.207421875 0.6173611111111111 0.06796875000000001 0.13194444444444445
1 0.15546875000000002 0.64375 0.06406250000000001 0.09861111111111112
