1 0.9085937500000001 0.6361111111111112 0.178125 0.15
1 0.550390625 0.5888888888888889 0.047656250000000004 0.11944444444444445
1 0.35859375000000004 0.5993055555555555 0.32343750000000004 0.27083333333333337
1 0.15351562500000002 0.6423611111111112 0.04296875 0.1125
0 0.018359375 0.6131944444444445 0.03515625 0.1625
0 0.057421875000000004 0.5590277777777778 0.01171875 0.03194444444444445
0 0.5144531250000001 0.5645833333333333 0.00859375 0.0375
0 0.5886718750000001 0.6062500000000001 0.00859375 0.1125
0 0.6292968750000001 0.6402777777777778 0.03515625 0.07222222222222223
0 0.66015625 0.5986111111111111 0.010937500000000001 0.1
0 0.6785156250000001 0.5944444444444444 0.01171875 0.12222222222222223
0 0.6976562500000001 0.5965277777777778 0.018750000000000003 0.10972222222222222
0 0.7359375 0.5965277777777778 0.025 0.10972222222222222
0 0.730078125 0.5277777777777778 0.022656250000000003 0.022222222222222223
0 0.827734375 0.5590277777777778 0.030468750000000003 0.06527777777777778
0 0.687109375 0.5277777777777778 0.00859375 0.019444444444444445
0 0.86640625 0.545138888888889 0.0125 0.03194444444444445
0 0.966796875 0.5416666666666667 0.025781250000000002 0.03333333333333333
