0 0.016015625000000002 0.6069444444444445 0.030468750000000003 0.125
0 0.07695312500000001 0.6305555555555555 0.013281250000000001 0.1527777777777778
0 0.2515625 0.6118055555555556 0.0078125 0.10972222222222222
0 0.24179687500000002 0.6145833333333334 0.013281250000000001 0.09027777777777778
0 0.33710937500000004 0.5875 0.01015625 0.09444444444444444
0 0.3296875 0.5916666666666667 0.0140625 0.09166666666666667
0 0.35781250000000003 0.5916666666666667 0.0171875 0.08888888888888889
0 0.369140625 0.5902777777777778 0.01015625 0.08055555555555556
0 0.37734375000000003 0.5826388888888889 0.015625 0.06527777777777778
0 0.39375000000000004 0.5791666666666667 0.0203125 0.058333333333333334
0 0.405859375 0.5777777777777778 0.01953125 0.05277777777777778
0 0.5140625 0.5597222222222222 0.0125 0.03333333333333333
0 0.591015625 0.5777777777777778 0.017968750000000002 0.07222222222222223
0 0.659765625 0.5972222222222222 0.014843750000000001 0.10833333333333334
0 0.6687500000000001 0.5659722222222222 0.0140625 0.06527777777777778
0 0.6785156250000001 0.5333333333333333 0.01171875 0.02777777777777778
0 0.6843750000000001 0.5972222222222222 0.0140625 0.1277777777777778
0 0.7015625000000001 0.5923611111111111 0.018750000000000003 0.11527777777777778
0 0.716015625 0.5881944444444445 0.014843750000000001 0.11527777777777778
0 0.712109375 0.5319444444444444 0.01015625 0.01388888888888889
0 0.73203125 0.5354166666666667 0.0140625 0.02638888888888889
0 0.7468750000000001 0.5458333333333334 0.0203125 0.05
0 0.734375 0.5618055555555556 0.0203125 0.04583333333333334
0 0.8671875 0.5548611111111111 0.025 0.0625
0 0.9007812500000001 0.5423611111111112 0.018750000000000003 0.018055555555555557
0 0.96640625 0.5395833333333333 0.015625 0.020833333333333336
1 0.9285156250000001 0.6270833333333333 0.14296875 0.1763888888888889
1 0.553125 0.5701388888888889 0.0625 0.08750000000000001
1 0.478515625 0.5534722222222223 0.05234375 0.03194444444444445
1 0.5105468750000001 0.6479166666666667 0.29921875000000003 0.1625
1 0.294140625 0.6180555555555556 0.08046875 0.16111111111111112
1 0.211328125 0.6222222222222222 0.07421875 0.15
1 0.15195312500000002 0.6395833333333334 0.055468750000000004 0.09027777777777778
