1 0.207421875 0.6 0.35390625000000003 0.2777777777777778
1 0.48046875 0.607638888888889 0.065625 0.1625
1 0.55625 0.6 0.0625 0.1638888888888889
1 0.8558593750000001 0.6465277777777778 0.28828125 0.1736111111111111
0 0.0171875 0.6097222222222223 0.0328125 0.14722222222222223
0 0.34101562500000004 0.5652777777777778 0.01640625 0.036111111111111115
0 0.351171875 0.5680555555555555 0.01640625 0.036111111111111115
0 0.3765625 0.6034722222222223 0.0171875 0.1125
0 0.3921875 0.6034722222222223 0.0203125 0.10416666666666667
0 0.405859375 0.6020833333333333 0.014843750000000001 0.10972222222222222
0 0.5164062500000001 0.5854166666666667 0.015625 0.08472222222222223
0 0.587890625 0.6062500000000001 0.030468750000000003 0.12361111111111112
0 0.63203125 0.6465277777777778 0.040625 0.0763888888888889
0 0.6625000000000001 0.5965277777777778 0.018750000000000003 0.10694444444444445
0 0.6644531250000001 0.5458333333333334 0.014843750000000001 0.025
0 0.679296875 0.5854166666666667 0.01953125 0.09583333333333334
0 0.6863281250000001 0.5340277777777778 0.00859375 0.020833333333333336
0 0.6828125 0.5319444444444444 0.0140625 0.022222222222222223
0 0.7000000000000001 0.5951388888888889 0.021875000000000002 0.11805555555555557
0 0.7292968750000001 0.5319444444444444 0.02109375 0.02777777777777778
0 0.7351562500000001 0.5722222222222223 0.026562500000000003 0.0638888888888889
0 0.833203125 0.5486111111111112 0.02109375 0.03888888888888889
0 0.884375 0.5527777777777778 0.0171875 0.04166666666666667
0 0.966796875 0.5708333333333333 0.032031250000000004 0.08888888888888889
