1 0.9187500000000001 0.5875 0.1625 0.28611111111111115
1 0.552734375 0.5902777777777778 0.04453125 0.1
1 0.48085937500000003 0.6069444444444445 0.05390625 0.11666666666666667
1 0.29726562500000003 0.625 0.06484375 0.14722222222222223
1 0.21484375 0.6145833333333334 0.05625 0.14305555555555557
1 0.16328125000000002 0.5979166666666667 0.051562500000000004 0.03194444444444445
1 0.08671875000000001 0.638888888888889 0.171875 0.20277777777777778
0 0.6195312500000001 0.6861111111111111 0.0390625 0.2972222222222222
0 0.33046875000000003 0.5819444444444445 0.010937500000000001 0.05555555555555556
0 0.37539062500000003 0.5986111111111111 0.01015625 0.10555555555555556
0 0.390625 0.6090277777777778 0.009375000000000001 0.09583333333333334
0 0.40664062500000003 0.6013888888888889 0.01171875 0.1
0 0.519140625 0.5902777777777778 0.00859375 0.075
0 0.669921875 0.5840277777777778 0.013281250000000001 0.10416666666666667
0 0.5953125 0.5513888888888889 0.003125 0.022222222222222223
0 0.7351562500000001 0.5923611111111111 0.0171875 0.10416666666666667
0 0.7113281250000001 0.5861111111111111 0.017968750000000002 0.11944444444444445
0 0.688671875 0.5958333333333333 0.014843750000000001 0.10277777777777779
0 0.7312500000000001 0.5222222222222223 0.0140625 0.019444444444444445
0 0.68515625 0.5298611111111111 0.009375000000000001 0.015277777777777779
