0 0.778515625 0.7395833333333334 0.07890625000000001 0.5208333333333334
0 0.9613281250000001 0.6034722222222223 0.025781250000000002 0.1513888888888889
0 0.8578125000000001 0.5965277777777778 0.0234375 0.14305555555555557
0 0.830078125 0.5826388888888889 0.017968750000000002 0.1125
0 0.6390625000000001 0.65625 0.037500000000000006 0.0763888888888889
0 0.39960937500000004 0.6104166666666667 0.025781250000000002 0.09305555555555556
0 0.378515625 0.5847222222222223 0.022656250000000003 0.10277777777777779
0 0.40937500000000004 0.5611111111111111 0.010937500000000001 0.030555555555555558
0 0.5921875 0.5972222222222222 0.0125 0.11388888888888889
0 0.6062500000000001 0.5916666666666667 0.0078125 0.08055555555555556
0 0.6171875 0.5576388888888889 0.0125 0.059722222222222225
0 0.63984375 0.5666666666666667 0.0140625 0.0638888888888889
0 0.6277343750000001 0.65 0.022656250000000003 0.06666666666666667
0 0.6726562500000001 0.6097222222222223 0.0140625 0.14444444444444446
0 0.690625 0.5986111111111111 0.0125 0.12222222222222223
0 0.7035156250000001 0.5583333333333333 0.01171875 0.09166666666666667
1 0.55078125 0.6027777777777777 0.040625 0.11388888888888889
1 0.47773437500000004 0.6125 0.05078125 0.15555555555555556
1 0.29296875 0.6097222222222223 0.05625 0.13055555555555556
1 0.2109375 0.6173611111111111 0.0734375 0.14305555555555557
1 0.153125 0.6152777777777778 0.040625 0.1277777777777778
