1 0.9480468750000001 0.6284722222222222 0.10390625 0.1763888888888889
1 0.560546875 0.65625 0.31015625 0.18194444444444446
1 0.296875 0.625 0.06875 0.15555555555555556
1 0.2109375 0.6104166666666667 0.065625 0.14027777777777778
1 0.158984375 0.6395833333333334 0.047656250000000004 0.09583333333333334
0 0.86328125 0.5847222222222223 0.029687500000000002 0.11388888888888889
0 0.394140625 0.6034722222222223 0.01015625 0.10416666666666667
0 0.37578125 0.6027777777777777 0.015625 0.10277777777777779
0 0.355078125 0.5951388888888889 0.017968750000000002 0.09583333333333334
0 0.5925781250000001 0.5618055555555556 0.014843750000000001 0.043055555555555555
1 0.551953125 0.5458333333333334 0.05234375 0.030555555555555558
0 0.66171875 0.5833333333333334 0.015625 0.0638888888888889
0 0.6875 0.5750000000000001 0.0125 0.08055555555555556
0 0.6824218750000001 0.5326388888888889 0.00859375 0.018055555555555557
0 0.714453125 0.5923611111111111 0.01640625 0.12083333333333333
0 0.7371093750000001 0.5979166666666667 0.01953125 0.10138888888888889
0 0.735546875 0.5375 0.01171875 0.016666666666666666
0 0.89765625 0.5465277777777778 0.0140625 0.02361111111111111
0 0.9613281250000001 0.5326388888888889 0.01015625 0.018055555555555557
