1 0.7699218750000001 0.6340277777777779 0.28359375000000003 0.14583333333333334
1 0.555078125 0.5930555555555556 0.05234375 0.1388888888888889
1 0.482421875 0.6145833333333334 0.055468750000000004 0.14027777777777778
1 0.258984375 0.6520833333333333 0.25390625 0.12083333333333333
1 0.287109375 0.5618055555555556 0.07421875 0.051388888888888894
0 0.968359375 0.6013888888888889 0.030468750000000003 0.14722222222222223
0 0.90234375 0.5881944444444445 0.0140625 0.10416666666666667
0 0.8703125 0.5631944444444444 0.034375 0.07083333333333333
0 0.0074218750000000005 0.6097222222222223 0.013281250000000001 0.13611111111111113
0 0.404296875 0.6006944444444444 0.01953125 0.09861111111111112
0 0.37578125 0.5611111111111111 0.010937500000000001 0.025
0 0.3609375 0.56875 0.015625 0.051388888888888894
0 0.35000000000000003 0.5659722222222222 0.0125 0.04861111111111111
0 0.51875 0.5854166666666667 0.0140625 0.0763888888888889
0 0.59140625 0.6048611111111112 0.0171875 0.11527777777777778
0 0.68125 0.5298611111111111 0.0125 0.0125
0 0.7351562500000001 0.5291666666666667 0.0203125 0.03333333333333333
0 0.71015625 0.5361111111111111 0.0140625 0.02777777777777778
