1 0.5515625000000001 0.6 0.06406250000000001 0.15
1 0.47968750000000004 0.607638888888889 0.059375000000000004 0.1513888888888889
1 0.29453125 0.6298611111111111 0.0765625 0.15694444444444444
1 0.21054687500000002 0.6215277777777778 0.07109375 0.13194444444444445
1 0.158984375 0.6347222222222223 0.05859375 0.1
0 0.962109375 0.6027777777777777 0.02890625 0.15
0 0.85703125 0.5972222222222222 0.028125 0.11666666666666667
0 0.8328125000000001 0.5875 0.0234375 0.125
0 0.01640625 0.5958333333333333 0.0171875 0.09444444444444444
0 0.029687500000000002 0.6236111111111111 0.025 0.12222222222222223
0 0.076171875 0.6222222222222222 0.01640625 0.15555555555555556
0 0.34101562500000004 0.5986111111111111 0.02109375 0.11944444444444445
0 0.354296875 0.55625 0.013281250000000001 0.029166666666666667
0 0.36445312500000004 0.5597222222222222 0.013281250000000001 0.04722222222222222
0 0.377734375 0.6006944444444444 0.017968750000000002 0.12361111111111112
0 0.39453125 0.6006944444444444 0.0171875 0.10694444444444445
0 0.40625 0.6062500000000001 0.0171875 0.11805555555555557
0 0.516015625 0.6020833333333333 0.017968750000000002 0.11805555555555557
0 0.630859375 0.6479166666666667 0.025781250000000002 0.0763888888888889
0 0.60859375 0.5993055555555555 0.015625 0.12638888888888888
0 0.625 0.5854166666666667 0.0203125 0.09305555555555556
0 0.6371093750000001 0.5791666666666667 0.01171875 0.058333333333333334
0 0.644140625 0.5847222222222223 0.02109375 0.09166666666666667
0 0.665625 0.5909722222222222 0.0203125 0.14305555555555557
0 0.7312500000000001 0.5972222222222222 0.028125 0.125
0 0.7371093750000001 0.5388888888888889 0.02109375 0.05
0 0.6984375 0.5986111111111111 0.021875000000000002 0.11944444444444445
0 0.687109375 0.5951388888888889 0.01171875 0.11805555555555557
0 0.677734375 0.5930555555555556 0.01171875 0.11111111111111112
0 0.6820312500000001 0.5277777777777778 0.010937500000000001 0.01388888888888889
