0 0.421484375 0.7173611111111111 0.05234375 0.5652777777777778
0 0.851171875 0.5902777777777778 0.013281250000000001 0.09166666666666667
0 0.8285156250000001 0.5993055555555555 0.01953125 0.14027777777777778
0 0.7296875 0.6 0.015625 0.10833333333333334
0 0.741796875 0.5354166666666667 0.01171875 0.034722222222222224
0 0.708984375 0.5458333333333334 0.01015625 0.036111111111111115
0 0.696484375 0.5916666666666667 0.025781250000000002 0.11944444444444445
0 0.6746093750000001 0.5993055555555555 0.02109375 0.11805555555555557
0 0.6882812500000001 0.5354166666666667 0.0078125 0.03194444444444445
0 0.6332031250000001 0.6486111111111111 0.041406250000000006 0.07777777777777778
0 0.60546875 0.6090277777777778 0.0125 0.10694444444444445
0 0.60859375 0.5361111111111111 0.0125 0.03888888888888889
0 0.35703125 0.5805555555555556 0.0171875 0.075
1 0.5484375 0.6027777777777777 0.045312500000000006 0.1388888888888889
1 0.483984375 0.6055555555555556 0.05234375 0.12222222222222223
1 0.968359375 0.6062500000000001 0.06328125 0.20416666666666666
1 0.290625 0.6277777777777778 0.07968750000000001 0.14444444444444446
1 0.198046875 0.6201388888888889 0.055468750000000004 0.15416666666666667
1 0.15000000000000002 0.6305555555555555 0.035937500000000004 0.11111111111111112
