1 0.7890625 0.48194444444444445 0.4078125 0.48888888888888893
1 0.554296875 0.5993055555555555 0.057031250000000006 0.14583333333333334
1 0.4765625 0.607638888888889 0.0546875 0.14027777777777778
1 0.298046875 0.6152777777777778 0.07890625000000001 0.15555555555555556
1 0.20859375000000002 0.6138888888888889 0.065625 0.14166666666666666
1 0.15546875000000002 0.6395833333333334 0.045312500000000006 0.09027777777777778
0 0.06992187500000001 0.6229166666666667 0.025781250000000002 0.1625
0 0.25 0.5993055555555555 0.015625 0.12361111111111112
0 0.404296875 0.5993055555555555 0.017968750000000002 0.10416666666666667
0 0.390234375 0.6041666666666667 0.017968750000000002 0.10277777777777779
0 0.37812500000000004 0.6034722222222223 0.0140625 0.1125
0 0.51875 0.5923611111111111 0.0140625 0.12361111111111112
0 0.675 0.5111111111111112 0.021875000000000002 0.05
0 0.7234375000000001 0.5368055555555555 0.0171875 0.04027777777777778
0 0.689453125 0.3277777777777778 0.02734375 0.05
0 0.7914062500000001 0.32430555555555557 0.0203125 0.05416666666666667
0 0.966015625 0.5437500000000001 0.01640625 0.0375
0 0.98203125 0.5569444444444445 0.0125 0.02777777777777778
