1 0.8546875 0.6326388888888889 0.253125 0.15416666666666667
1 0.5546875 0.6020833333333333 0.0578125 0.13472222222222222
1 0.4890625 0.5909722222222222 0.053125000000000006 0.13472222222222222
1 0.35781250000000003 0.6597222222222222 0.29375 0.15833333333333333
1 0.148828125 0.6513888888888889 0.06328125 0.10277777777777779
1 0.203515625 0.5597222222222222 0.049218750000000006 0.03333333333333333
1 0.292578125 0.5541666666666667 0.07890625000000001 0.019444444444444445
0 0.01171875 0.6131944444444445 0.021875000000000002 0.12638888888888888
0 0.389453125 0.5618055555555556 0.03671875 0.015277777777777779
0 0.5164062500000001 0.5861111111111111 0.010937500000000001 0.08055555555555556
0 0.591796875 0.6090277777777778 0.00859375 0.12361111111111112
0 0.630078125 0.64375 0.025781250000000002 0.07083333333333333
0 0.667578125 0.5923611111111111 0.01015625 0.11527777777777778
0 0.6527343750000001 0.5673611111111111 0.01171875 0.0625
0 0.6820312500000001 0.5958333333333333 0.009375000000000001 0.11111111111111112
0 0.703125 0.5951388888888889 0.015625 0.10694444444444445
0 0.7289062500000001 0.5291666666666667 0.0140625 0.019444444444444445
0 0.7328125000000001 0.55 0.0171875 0.01388888888888889
0 0.8714843750000001 0.5409722222222222 0.014843750000000001 0.02361111111111111
0 0.89609375 0.5423611111111112 0.0171875 0.02638888888888889
0 0.9632812500000001 0.5625 0.029687500000000002 0.06944444444444445
