1 0.839453125 0.6444444444444445 0.31484375000000003 0.16111111111111112
1 0.55078125 0.6097222222222223 0.0421875 0.13333333333333333
1 0.47968750000000004 0.6104166666666667 0.0546875 0.1513888888888889
1 0.3015625 0.5576388888888889 0.045312500000000006 0.020833333333333336
1 0.158984375 0.5930555555555556 0.31640625 0.26666666666666666
0 0.960546875 0.5694444444444444 0.047656250000000004 0.08611111111111111
0 0.8828125 0.5576388888888889 0.021875000000000002 0.05694444444444444
0 0.84296875 0.5486111111111112 0.035937500000000004 0.058333333333333334
0 0.634765625 0.64375 0.02890625 0.06805555555555556
0 0.596875 0.6152777777777778 0.0203125 0.10833333333333334
0 0.517578125 0.5847222222222223 0.00859375 0.07222222222222223
0 0.374609375 0.6027777777777777 0.00859375 0.10555555555555556
0 0.340625 0.5847222222222223 0.0125 0.07777777777777778
0 0.38828125 0.6006944444444444 0.0125 0.10972222222222222
0 0.408203125 0.5930555555555556 0.01171875 0.10277777777777779
0 0.659765625 0.5951388888888889 0.01640625 0.10138888888888889
0 0.676953125 0.5569444444444445 0.0054687500000000005 0.04166666666666667
0 0.7265625 0.5277777777777778 0.009375000000000001 0.011111111111111112
0 0.73984375 0.5513888888888889 0.0203125 0.019444444444444445
0 0.6941406250000001 0.5437500000000001 0.01953125 0.03194444444444445
