0 0.71015625 0.7493055555555556 0.2859375 0.5013888888888889
0 0.060546875 0.5875 0.025781250000000002 0.08888888888888889
0 0.08125 0.6319444444444444 0.021875000000000002 0.15833333333333333
0 0.018359375 0.6083333333333334 0.03515625 0.14444444444444446
0 0.255078125 0.5680555555555555 0.013281250000000001 0.03888888888888889
0 0.328125 0.5868055555555556 0.0171875 0.07916666666666666
0 0.34492187500000004 0.58125 0.01640625 0.07361111111111111
0 0.36250000000000004 0.5513888888888889 0.0125 0.03333333333333333
0 0.374609375 0.5430555555555556 0.01015625 0.011111111111111112
0 0.378515625 0.5993055555555555 0.02109375 0.10972222222222222
0 0.393359375 0.6034722222222223 0.02109375 0.1125
0 0.39921875 0.5548611111111111 0.010937500000000001 0.018055555555555557
0 0.4078125 0.6055555555555556 0.021875000000000002 0.11666666666666667
0 0.41523437500000004 0.55625 0.013281250000000001 0.034722222222222224
0 0.43085937500000004 0.5527777777777778 0.01171875 0.025
0 0.441015625 0.5520833333333334 0.00859375 0.020833333333333336
0 0.50546875 0.5784722222222223 0.0140625 0.08472222222222223
0 0.516796875 0.5861111111111111 0.014843750000000001 0.08611111111111111
0 0.83359375 0.55 0.021875000000000002 0.05
0 0.853125 0.5618055555555556 0.021875000000000002 0.05416666666666667
0 0.962890625 0.6 0.03828125 0.1527777777777778
0 0.9871093750000001 0.59375 0.01640625 0.11805555555555557
0 0.995703125 0.5756944444444445 0.00859375 0.08472222222222223
