1 0.02890625 0.6631944444444444 0.05625 0.11805555555555557
1 0.15000000000000002 0.6430555555555556 0.05 0.08333333333333334
1 0.21171875 0.6194444444444445 0.0765625 0.14166666666666666
1 0.29375 0.6180555555555556 0.078125 0.15833333333333333
1 0.479296875 0.6083333333333334 0.057031250000000006 0.14722222222222223
1 0.553125 0.6027777777777777 0.059375000000000004 0.14722222222222223
1 0.9246093750000001 0.45972222222222225 0.15078125 0.4777777777777778
0 0.8382812500000001 0.5972222222222222 0.03125 0.1388888888888889
0 0.7328125000000001 0.5951388888888889 0.021875000000000002 0.10972222222222222
0 0.7296875 0.5354166666666667 0.0125 0.029166666666666667
0 0.7136718750000001 0.5402777777777777 0.01640625 0.036111111111111115
0 0.70859375 0.5944444444444444 0.015625 0.11111111111111112
0 0.6976562500000001 0.5930555555555556 0.018750000000000003 0.11111111111111112
0 0.69140625 0.5270833333333333 0.0078125 0.0125
0 0.6820312500000001 0.5777777777777778 0.0171875 0.10833333333333334
0 0.663671875 0.5916666666666667 0.02421875 0.11666666666666667
0 0.633984375 0.6444444444444445 0.03828125 0.06944444444444445
0 0.6171875 0.6013888888888889 0.0203125 0.12222222222222223
0 0.526953125 0.5916666666666667 0.017968750000000002 0.08888888888888889
0 0.509765625 0.5951388888888889 0.022656250000000003 0.09861111111111112
0 0.44921875 0.5958333333333333 0.009375000000000001 0.10277777777777779
0 0.40742187500000004 0.6027777777777777 0.014843750000000001 0.10555555555555556
0 0.41250000000000003 0.5520833333333334 0.009375000000000001 0.020833333333333336
0 0.394140625 0.6027777777777777 0.01953125 0.11111111111111112
0 0.376953125 0.6041666666666667 0.02421875 0.11111111111111112
0 0.246875 0.5701388888888889 0.0125 0.051388888888888894
0 0.07890625000000001 0.6256944444444444 0.0140625 0.15972222222222224
