0 0.17109375000000002 0.7125 0.09531250000000001 0.5750000000000001
0 0.9625 0.5576388888888889 0.034375 0.07361111111111111
0 0.0125 0.6069444444444445 0.0234375 0.14444444444444446
0 0.07890625000000001 0.6291666666666667 0.015625 0.1527777777777778
0 0.24609375 0.6111111111111112 0.0203125 0.11944444444444445
0 0.32460937500000003 0.6270833333333333 0.04296875 0.1736111111111111
0 0.3765625 0.6020833333333333 0.015625 0.10694444444444445
0 0.392578125 0.6034722222222223 0.01953125 0.10972222222222222
0 0.40546875000000004 0.6020833333333333 0.015625 0.10416666666666667
0 0.35585937500000003 0.56875 0.01015625 0.059722222222222225
0 0.421484375 0.5493055555555556 0.014843750000000001 0.03194444444444445
0 0.52265625 0.5875 0.015625 0.08333333333333334
0 0.583203125 0.6 0.02421875 0.125
0 0.5984375000000001 0.6034722222222223 0.0125 0.12083333333333333
0 0.607421875 0.5923611111111111 0.01171875 0.12361111111111112
0 0.61875 0.5881944444444445 0.0078125 0.1125
0 0.6277343750000001 0.6444444444444445 0.030468750000000003 0.08055555555555556
0 0.6359375 0.5791666666666667 0.018750000000000003 0.08055555555555556
0 0.65546875 0.5993055555555555 0.025 0.12083333333333333
0 0.669921875 0.5923611111111111 0.014843750000000001 0.14027777777777778
0 0.6824218750000001 0.5958333333333333 0.014843750000000001 0.11111111111111112
0 0.6828125 0.5361111111111111 0.015625 0.02777777777777778
0 0.70078125 0.5909722222222222 0.021875000000000002 0.12361111111111112
1 0.8558593750000001 0.6263888888888889 0.28828125 0.2
1 0.479296875 0.6125 0.055468750000000004 0.14444444444444446
1 0.553125 0.6048611111111112 0.060937500000000006 0.14305555555555557
1 0.291796875 0.6180555555555556 0.07265625 0.15
1 0.212890625 0.6208333333333333 0.055468750000000004 0.13055555555555556
