1 0.551953125 0.5993055555555555 0.05859375 0.1375
1 0.48125 0.6055555555555556 0.053125000000000006 0.13055555555555556
1 0.29531250000000003 0.6166666666666667 0.078125 0.1388888888888889
1 0.21054687500000002 0.6208333333333333 0.06328125 0.13055555555555556
1 0.152734375 0.65 0.04609375 0.08333333333333334
0 0.07695312500000001 0.6215277777777778 0.025781250000000002 0.15972222222222224
0 0.33632812500000003 0.5888888888888889 0.01640625 0.06666666666666667
0 0.34296875000000004 0.5666666666666667 0.0078125 0.04166666666666667
0 0.355078125 0.5583333333333333 0.00703125 0.04166666666666667
0 0.36171875000000003 0.5590277777777778 0.004687500000000001 0.03194444444444445
0 0.376953125 0.6006944444444444 0.017968750000000002 0.10972222222222222
0 0.39453125 0.6041666666666667 0.018750000000000003 0.10277777777777779
0 0.40468750000000003 0.5569444444444445 0.010937500000000001 0.030555555555555558
0 0.42109375000000004 0.6034722222222223 0.029687500000000002 0.11527777777777778
0 0.44609375 0.6020833333333333 0.0140625 0.11527777777777778
0 0.51171875 0.5881944444444445 0.0140625 0.09305555555555556
0 0.515625 0.55625 0.009375000000000001 0.043055555555555555
0 0.597265625 0.5986111111111111 0.00703125 0.09166666666666667
0 0.60703125 0.6034722222222223 0.0125 0.12361111111111112
0 0.630078125 0.6381944444444445 0.03671875 0.07361111111111111
0 0.6492187500000001 0.6006944444444444 0.021875000000000002 0.12916666666666668
0 0.66328125 0.6041666666666667 0.018750000000000003 0.13611111111111113
0 0.676953125 0.5930555555555556 0.01171875 0.1277777777777778
0 0.6917968750000001 0.6 0.017968750000000002 0.10555555555555556
0 0.684765625 0.5326388888888889 0.01171875 0.02638888888888889
0 0.7039062500000001 0.5979166666666667 0.0203125 0.13472222222222222
0 0.7210937500000001 0.6090277777777778 0.0234375 0.12916666666666668
0 0.7332031250000001 0.5291666666666667 0.01640625 0.022222222222222223
0 0.7386718750000001 0.6 0.014843750000000001 0.11944444444444445
0 0.828125 0.5923611111111111 0.0234375 0.12083333333333333
0 0.8519531250000001 0.59375 0.01953125 0.12083333333333333
0 0.9656250000000001 0.6006944444444444 0.040625 0.15416666666666667
