1 0.1453125 0.6611111111111111 0.278125 0.16666666666666669
1 0.29726562500000003 0.625 0.07734375 0.14722222222222223
1 0.21328125 0.5951388888888889 0.07500000000000001 0.06805555555555556
1 0.478515625 0.6215277777777778 0.05234375 0.15416666666666667
1 0.555078125 0.6131944444444445 0.055468750000000004 0.12638888888888888
1 0.940625 0.6340277777777779 0.1046875 0.12361111111111112
0 0.827734375 0.5840277777777778 0.02109375 0.12638888888888888
0 0.8500000000000001 0.5847222222222223 0.0140625 0.11666666666666667
0 0.933203125 0.5493055555555556 0.02890625 0.04027777777777778
0 0.9671875000000001 0.5534722222222223 0.029687500000000002 0.04861111111111111
0 0.07421875 0.5541666666666667 0.025 0.04166666666666667
0 0.62890625 0.6375000000000001 0.0328125 0.07222222222222223
0 0.35976562500000003 0.5673611111111111 0.013281250000000001 0.0375
0 0.377734375 0.6027777777777777 0.014843750000000001 0.10277777777777779
0 0.39375000000000004 0.6027777777777777 0.0203125 0.10833333333333334
0 0.40468750000000003 0.5965277777777778 0.018750000000000003 0.1125
0 0.519140625 0.6006944444444444 0.017968750000000002 0.09305555555555556
0 0.591015625 0.6027777777777777 0.02421875 0.13055555555555556
0 0.741796875 0.5375 0.02109375 0.03333333333333333
0 0.735546875 0.5784722222222223 0.014843750000000001 0.07083333333333333
0 0.726171875 0.6020833333333333 0.02734375 0.1375
0 0.7074218750000001 0.6173611111111111 0.025781250000000002 0.14305555555555557
0 0.683203125 0.6152777777777778 0.022656250000000003 0.1527777777777778
0 0.66171875 0.5840277777777778 0.0171875 0.1125
0 0.6890625 0.55 0.0125 0.044444444444444446
0 0.6824218750000001 0.5305555555555556 0.017968750000000002 0.03888888888888889
