0 0.857421875 0.71875 0.13203125000000002 0.5625
0 0.9640625 0.5909722222222222 0.0328125 0.1513888888888889
0 0.322265625 0.5590277777777778 0.01171875 0.04583333333333334
0 0.334765625 0.5604166666666667 0.01171875 0.04583333333333334
0 0.3453125 0.5680555555555555 0.0125 0.04722222222222222
0 0.35976562500000003 0.5659722222222222 0.01171875 0.059722222222222225
0 0.37734375000000003 0.6013888888888889 0.035937500000000004 0.13333333333333333
0 0.39609375 0.6020833333333333 0.0171875 0.11527777777777778
0 0.41015625 0.6013888888888889 0.018750000000000003 0.11388888888888889
0 0.440234375 0.5444444444444445 0.01171875 0.030555555555555558
0 0.558984375 0.5625 0.017968750000000002 0.03333333333333333
0 0.59375 0.5951388888888889 0.029687500000000002 0.14027777777777778
0 0.587109375 0.6006944444444444 0.01953125 0.11527777777777778
0 0.611328125 0.6048611111111112 0.017968750000000002 0.11805555555555557
0 0.6234375000000001 0.5750000000000001 0.018750000000000003 0.09444444444444444
0 0.628515625 0.6458333333333334 0.03359375 0.075
0 0.6433593750000001 0.5881944444444445 0.022656250000000003 0.10972222222222222
0 0.6707031250000001 0.5923611111111111 0.01640625 0.12916666666666668
0 0.6578125 0.5986111111111111 0.009375000000000001 0.11388888888888889
0 0.67734375 0.5333333333333333 0.010937500000000001 0.02777777777777778
0 0.692578125 0.5965277777777778 0.01953125 0.12638888888888888
0 0.7046875 0.5902777777777778 0.015625 0.12222222222222223
0 0.73203125 0.5965277777777778 0.029687500000000002 0.12083333333333333
0 0.7367187500000001 0.5402777777777777 0.018750000000000003 0.03888888888888889
1 0.554296875 0.6041666666666667 0.06953125 0.15555555555555556
1 0.48085937500000003 0.6055555555555556 0.06171875 0.15555555555555556
1 0.291796875 0.6194444444444445 0.08046875 0.14166666666666666
1 0.20664062500000002 0.6201388888888889 0.07109375 0.14583333333333334
1 0.1546875 0.6368055555555556 0.046875 0.1125
