1 0.968359375 0.5798611111111112 0.06328125 0.2847222222222222
1 0.5625 0.5625 0.0390625 0.05277777777777778
1 0.47304687500000003 0.6104166666666667 0.041406250000000006 0.13194444444444445
1 0.29921875000000003 0.6159722222222223 0.035937500000000004 0.11527777777777778
1 0.14609375 0.6506944444444445 0.27968750000000003 0.15416666666666667
0 0.524609375 0.6805555555555556 0.04296875 0.2777777777777778
0 0.80234375 0.6006944444444444 0.010937500000000001 0.1125
0 0.817578125 0.5958333333333333 0.013281250000000001 0.1
0 0.833203125 0.5902777777777778 0.013281250000000001 0.11666666666666667
0 0.85703125 0.59375 0.0234375 0.09583333333333334
0 0.6273437500000001 0.6416666666666667 0.037500000000000006 0.07777777777777778
0 0.33359375 0.5784722222222223 0.0140625 0.05694444444444444
0 0.373828125 0.5958333333333333 0.01015625 0.10833333333333334
0 0.392578125 0.6041666666666667 0.017968750000000002 0.1
0 0.40937500000000004 0.607638888888889 0.0078125 0.09583333333333334
0 0.5875 0.6062500000000001 0.0078125 0.12083333333333333
0 0.6015625 0.5861111111111111 0.0125 0.10555555555555556
0 0.736328125 0.5930555555555556 0.013281250000000001 0.1
0 0.716796875 0.5993055555555555 0.013281250000000001 0.12083333333333333
0 0.6875 0.5868055555555556 0.0125 0.09305555555555556
0 0.671875 0.5951388888888889 0.015625 0.13472222222222222
0 0.655859375 0.5583333333333333 0.0054687500000000005 0.030555555555555558
0 0.7328125000000001 0.5319444444444444 0.015625 0.01388888888888889
0 0.684765625 0.525 0.013281250000000001 0.019444444444444445
