1 0.6546875000000001 0.4826388888888889 0.690625 0.47361111111111115
1 0.28945312500000003 0.6138888888888889 0.07421875 0.1388888888888889
1 0.20859375000000002 0.6090277777777778 0.0703125 0.14305555555555557
1 0.14765625000000002 0.6291666666666667 0.0484375 0.12222222222222223
0 0.06171875 0.6118055555555556 0.018750000000000003 0.14027777777777778
0 0.436328125 0.5270833333333333 0.025781250000000002 0.07916666666666666
0 0.419921875 0.3451388888888889 0.03515625 0.05416666666666667
0 0.51171875 0.3402777777777778 0.037500000000000006 0.061111111111111116
0 0.676953125 0.5458333333333334 0.02890625 0.0638888888888889
0 0.60546875 0.5527777777777778 0.028125 0.030555555555555558
0 0.035546875 0.61875 0.025781250000000002 0.12361111111111112
