1 0.551953125 0.6048611111111112 0.04296875 0.1375
1 0.48359375000000004 0.6159722222222223 0.051562500000000004 0.14583333333333334
1 0.29726562500000003 0.61875 0.07265625 0.14027777777777778
1 0.21171875 0.6215277777777778 0.0578125 0.12916666666666668
1 0.153125 0.6444444444444445 0.034375 0.09166666666666667
0 0.03515625 0.5986111111111111 0.0234375 0.09166666666666667
0 0.34140625 0.5881944444444445 0.009375000000000001 0.059722222222222225
0 0.37539062500000003 0.6027777777777777 0.00703125 0.10277777777777779
0 0.393359375 0.5965277777777778 0.013281250000000001 0.10972222222222222
0 0.40625 0.5895833333333333 0.0203125 0.12083333333333333
0 0.9632812500000001 0.5888888888888889 0.021875000000000002 0.13055555555555556
0 0.8347656250000001 0.5888888888888889 0.02109375 0.11388888888888889
0 0.8562500000000001 0.5881944444444445 0.018750000000000003 0.12083333333333333
0 0.7332031250000001 0.5979166666666667 0.02890625 0.12916666666666668
0 0.7046875 0.6048611111111112 0.0203125 0.11805555555555557
0 0.665234375 0.59375 0.01953125 0.14027777777777778
0 0.605078125 0.59375 0.017968750000000002 0.16527777777777777
0 0.650390625 0.5708333333333333 0.013281250000000001 0.044444444444444446
0 0.626953125 0.6430555555555556 0.01953125 0.07777777777777778
0 0.683203125 0.53125 0.01015625 0.02361111111111111
0 0.7347656250000001 0.5236111111111111 0.014843750000000001 0.011111111111111112
