1 0.56171875 0.5604166666666667 0.026562500000000003 0.034722222222222224
1 0.5 0.6465277777777778 0.2578125 0.2152777777777778
1 0.28515625 0.6166666666666667 0.0484375 0.13611111111111113
1 0.2171875 0.6333333333333333 0.05625 0.1388888888888889
1 0.15234375 0.6444444444444445 0.037500000000000006 0.08055555555555556
0 0.34453125 0.63125 0.028125 0.1875
0 0.9640625 0.6111111111111112 0.025 0.18333333333333335
0 0.855078125 0.5777777777777778 0.02421875 0.08888888888888889
0 0.8367187500000001 0.5923611111111111 0.0234375 0.1763888888888889
0 0.708984375 0.6006944444444444 0.00703125 0.08750000000000001
0 0.638671875 0.6256944444444444 0.01953125 0.043055555555555555
0 0.671484375 0.6006944444444444 0.01953125 0.1486111111111111
0 0.6898437500000001 0.5881944444444445 0.010937500000000001 0.09305555555555556
0 0.70234375 0.5534722222222223 0.0140625 0.051388888888888894
0 0.7347656250000001 0.5916666666666667 0.01953125 0.09166666666666667
0 0.7359375 0.5208333333333334 0.0125 0.04166666666666667
0 0.6878906250000001 0.5298611111111111 0.013281250000000001 0.034722222222222224
0 0.60859375 0.5597222222222222 0.0203125 0.07222222222222223
0 0.591015625 0.5750000000000001 0.01171875 0.04722222222222222
0 0.5906250000000001 0.5305555555555556 0.010937500000000001 0.030555555555555558
