0 0.878125 0.7659722222222223 0.15156250000000002 0.44027777777777777
0 0.969921875 0.6062500000000001 0.02890625 0.15694444444444444
0 0.37539062500000003 0.6013888888888889 0.00859375 0.09166666666666667
0 0.016015625000000002 0.6090277777777778 0.030468750000000003 0.15416666666666667
0 0.058203125 0.5819444444444445 0.02734375 0.10833333333333334
0 0.39375000000000004 0.6020833333333333 0.015625 0.09583333333333334
0 0.40937500000000004 0.6041666666666667 0.009375000000000001 0.09722222222222222
1 0.479296875 0.6118055555555556 0.05234375 0.14305555555555557
0 0.33046875000000003 0.5791666666666667 0.004687500000000001 0.058333333333333334
1 0.291015625 0.6180555555555556 0.07421875 0.13611111111111113
1 0.212890625 0.6208333333333333 0.057031250000000006 0.14444444444444446
1 0.146484375 0.6368055555555556 0.03671875 0.11527777777777778
1 0.6527343750000001 0.5659722222222222 0.25234375000000003 0.2263888888888889
