1 0.8500000000000001 0.4756944444444445 0.30000000000000004 0.48194444444444445
1 0.558203125 0.5979166666666667 0.06484375 0.14027777777777778
1 0.48125 0.6097222222222223 0.0578125 0.15
1 0.299609375 0.625 0.07890625000000001 0.14722222222222223
1 0.21445312500000002 0.6263888888888889 0.07265625 0.14166666666666666
1 0.152734375 0.64375 0.055468750000000004 0.10694444444444445
0 0.626953125 0.6402777777777778 0.03515625 0.08611111111111111
0 0.611328125 0.5916666666666667 0.014843750000000001 0.1277777777777778
0 0.073046875 0.6236111111111111 0.01640625 0.17222222222222222
0 0.24570312500000002 0.5736111111111112 0.01640625 0.05277777777777778
0 0.37734375000000003 0.6020833333333333 0.0140625 0.10972222222222222
0 0.393359375 0.6055555555555556 0.02109375 0.11111111111111112
0 0.40390625 0.5979166666666667 0.0171875 0.10694444444444445
0 0.36171875000000003 0.5527777777777778 0.0140625 0.022222222222222223
0 0.5140625 0.607638888888889 0.021875000000000002 0.12361111111111112
0 0.663671875 0.5895833333333333 0.017968750000000002 0.1125
0 0.68125 0.5729166666666667 0.018750000000000003 0.1125
0 0.81015625 0.3180555555555556 0.0234375 0.03888888888888889
0 0.9222656250000001 0.3145833333333333 0.032031250000000004 0.04027777777777778
0 0.9632812500000001 0.5472222222222223 0.015625 0.05555555555555556
0 0.87265625 0.5236111111111111 0.0203125 0.04166666666666667
0 0.8234375 0.5277777777777778 0.0234375 0.05
0 0.7914062500000001 0.5097222222222222 0.029687500000000002 0.05277777777777778
