1 0.58515625 0.6381944444444445 0.27968750000000003 0.16527777777777777
1 0.47695312500000003 0.6006944444444444 0.047656250000000004 0.14305555555555557
1 0.54921875 0.5520833333333334 0.060937500000000006 0.04583333333333334
1 0.29726562500000003 0.6256944444444444 0.07578125000000001 0.15972222222222224
1 0.215625 0.6173611111111111 0.06875 0.14027777777777778
1 0.15390625000000002 0.6381944444444445 0.0578125 0.09583333333333334
0 0.9617187500000001 0.5972222222222222 0.03125 0.15
0 0.8386718750000001 0.6083333333333334 0.030468750000000003 0.11944444444444445
0 0.855078125 0.5736111111111112 0.02421875 0.075
0 0.8269531250000001 0.576388888888889 0.022656250000000003 0.09722222222222222
0 0.075390625 0.6145833333333334 0.022656250000000003 0.15972222222222224
0 0.358203125 0.55625 0.013281250000000001 0.0375
0 0.369921875 0.5506944444444445 0.01015625 0.020833333333333336
0 0.378515625 0.6006944444444444 0.01640625 0.10972222222222222
0 0.39453125 0.6041666666666667 0.0203125 0.10277777777777779
0 0.408984375 0.6062500000000001 0.01953125 0.10972222222222222
0 0.45429687500000004 0.6027777777777777 0.02421875 0.12222222222222223
0 0.59296875 0.5569444444444445 0.015625 0.03333333333333333
0 0.56484375 0.5534722222222223 0.015625 0.02638888888888889
0 0.648046875 0.58125 0.013281250000000001 0.06805555555555556
0 0.6585937500000001 0.5756944444444445 0.0125 0.06527777777777778
0 0.68125 0.5819444444444445 0.0234375 0.09444444444444444
0 0.706640625 0.6013888888888889 0.022656250000000003 0.1277777777777778
0 0.721875 0.6 0.0171875 0.14722222222222223
0 0.7367187500000001 0.5854166666666667 0.018750000000000003 0.08472222222222223
0 0.7359375 0.5368055555555555 0.0171875 0.03194444444444445
0 0.68515625 0.5381944444444444 0.018750000000000003 0.04027777777777778
0 0.67109375 0.5486111111111112 0.010937500000000001 0.044444444444444446
