1 0.87109375 0.6527777777777778 0.2578125 0.14722222222222223
1 0.54921875 0.6055555555555556 0.051562500000000004 0.15833333333333333
1 0.47968750000000004 0.6125 0.045312500000000006 0.14444444444444446
1 0.28125 0.5909722222222222 0.3046875 0.24861111111111112
0 0.9625 0.5465277777777778 0.0390625 0.05416666666666667
0 0.835546875 0.5381944444444444 0.022656250000000003 0.0375
0 0.8777343750000001 0.5409722222222222 0.02109375 0.034722222222222224
0 0.62890625 0.6402777777777778 0.025 0.0638888888888889
0 0.5921875 0.6111111111111112 0.0203125 0.13055555555555556
0 0.5144531250000001 0.5756944444444445 0.013281250000000001 0.0763888888888889
0 0.023046875 0.6111111111111112 0.04453125 0.15833333333333333
0 0.40546875000000004 0.5652777777777778 0.0125 0.030555555555555558
0 0.38984375000000004 0.5666666666666667 0.004687500000000001 0.02777777777777778
0 0.7332031250000001 0.5618055555555556 0.013281250000000001 0.02638888888888889
0 0.731640625 0.5354166666666667 0.017968750000000002 0.018055555555555557
0 0.70078125 0.5944444444444444 0.0171875 0.11944444444444445
0 0.683203125 0.5881944444444445 0.00703125 0.10416666666666667
0 0.661328125 0.5965277777777778 0.01171875 0.09861111111111112
0 0.6824218750000001 0.5263888888888889 0.013281250000000001 0.005555555555555556
