0 0.91796875 0.7305555555555556 0.11093750000000001 0.5388888888888889
1 0.5515625000000001 0.6055555555555556 0.0546875 0.13333333333333333
1 0.474609375 0.6104166666666667 0.04609375 0.14583333333333334
1 0.294140625 0.6215277777777778 0.06015625 0.14027777777777778
1 0.20429687500000002 0.6201388888888889 0.05234375 0.1375
1 0.151171875 0.6256944444444444 0.03828125 0.12361111111111112
0 0.36367187500000003 0.5833333333333334 0.01640625 0.08611111111111111
0 0.392578125 0.5993055555555555 0.01015625 0.10138888888888889
0 0.41132812500000004 0.6006944444444444 0.00703125 0.10972222222222222
0 0.96875 0.5597222222222222 0.018750000000000003 0.0638888888888889
0 0.8296875 0.5861111111111111 0.0171875 0.1388888888888889
0 0.8500000000000001 0.58125 0.018750000000000003 0.08194444444444444
0 0.632421875 0.6409722222222223 0.022656250000000003 0.043055555555555555
0 0.37812500000000004 0.56875 0.0140625 0.051388888888888894
0 0.34804687500000003 0.576388888888889 0.013281250000000001 0.05277777777777778
0 0.599609375 0.5965277777777778 0.01015625 0.11805555555555557
0 0.61640625 0.5944444444444444 0.010937500000000001 0.08611111111111111
0 0.6410156250000001 0.5611111111111111 0.00859375 0.03888888888888889
0 0.6667968750000001 0.5902777777777778 0.013281250000000001 0.13333333333333333
0 0.6902343750000001 0.5972222222222222 0.014843750000000001 0.11944444444444445
0 0.7273437500000001 0.5993055555555555 0.03125 0.12361111111111112
0 0.736328125 0.5291666666666667 0.01015625 0.008333333333333333
