1 0.4546875 0.4881944444444445 0.65625 0.46805555555555556
0 0.964453125 0.5902777777777778 0.02109375 0.14444444444444446
0 0.8582031250000001 0.6 0.02109375 0.12222222222222223
0 0.8296875 0.5979166666666667 0.0140625 0.14027777777777778
0 0.796484375 0.5986111111111111 0.02421875 0.14444444444444446
0 0.04296875 0.6256944444444444 0.0171875 0.16527777777777777
0 0.014843750000000001 0.6270833333333333 0.0234375 0.15416666666666667
0 0.22265625 0.3388888888888889 0.029687500000000002 0.061111111111111116
0 0.31484375000000003 0.34305555555555556 0.035937500000000004 0.07777777777777778
0 0.22226562500000002 0.5354166666666667 0.02734375 0.06527777777777778
0 0.694921875 0.32222222222222224 0.032031250000000004 0.06944444444444445
