0 0.91953125 0.7034722222222223 0.1 0.33472222222222225
0 0.6683593750000001 0.5777777777777778 0.01171875 0.125
0 0.6859375000000001 0.5486111111111112 0.015625 0.058333333333333334
0 0.637890625 0.65 0.02890625 0.08611111111111111
0 0.596875 0.6152777777777778 0.0203125 0.11388888888888889
0 0.40703125 0.5951388888888889 0.009375000000000001 0.09861111111111112
0 0.39609375 0.6090277777777778 0.018750000000000003 0.10694444444444445
0 0.374609375 0.6006944444444444 0.013281250000000001 0.12638888888888888
0 0.33203125 0.5847222222222223 0.0125 0.05
0 0.013671875 0.6131944444444445 0.025781250000000002 0.1513888888888889
1 0.831640625 0.5722222222222223 0.28984375 0.25277777777777777
1 0.552734375 0.6048611111111112 0.047656250000000004 0.14305555555555557
1 0.48359375000000004 0.6131944444444445 0.051562500000000004 0.1486111111111111
1 0.28750000000000003 0.6277777777777778 0.05625 0.1277777777777778
1 0.212890625 0.6277777777777778 0.055468750000000004 0.13611111111111113
1 0.153125 0.6361111111111112 0.043750000000000004 0.08611111111111111
0 0.515625 0.5875 0.0125 0.075
