1 0.94453125 0.4486111111111111 0.11093750000000001 0.45
1 0.56015625 0.6041666666666667 0.0546875 0.15
1 0.48203125 0.6111111111111112 0.05625 0.14722222222222223
1 0.29609375 0.6180555555555556 0.078125 0.16111111111111112
1 0.21406250000000002 0.6270833333333333 0.0703125 0.13472222222222222
1 0.15195312500000002 0.638888888888889 0.04609375 0.10833333333333334
1 0.046484375 0.6493055555555556 0.09140625000000001 0.14583333333333334
0 0.86328125 0.6104166666666667 0.015625 0.14583333333333334
0 0.37578125 0.6013888888888889 0.015625 0.10555555555555556
0 0.39570312500000004 0.6034722222222223 0.017968750000000002 0.10138888888888889
0 0.408984375 0.6027777777777777 0.013281250000000001 0.10555555555555556
0 0.44375000000000003 0.5923611111111111 0.0203125 0.11805555555555557
0 0.5171875 0.5916666666666667 0.0171875 0.09166666666666667
0 0.614453125 0.5993055555555555 0.017968750000000002 0.11527777777777778
0 0.6273437500000001 0.6458333333333334 0.026562500000000003 0.07222222222222223
0 0.66015625 0.5916666666666667 0.0203125 0.11388888888888889
0 0.6796875 0.5729166666666667 0.0171875 0.11527777777777778
0 0.69296875 0.5298611111111111 0.010937500000000001 0.02361111111111111
0 0.701171875 0.5958333333333333 0.01953125 0.10555555555555556
0 0.7132812500000001 0.5444444444444445 0.0125 0.04166666666666667
0 0.73046875 0.5923611111111111 0.0203125 0.10694444444444445
0 0.728515625 0.5270833333333333 0.017968750000000002 0.020833333333333336
0 0.8367187500000001 0.5993055555555555 0.029687500000000002 0.14305555555555557
