1 0.835546875 0.6451388888888889 0.26953125 0.15972222222222224
1 0.5574218750000001 0.6048611111111112 0.06015625 0.14305555555555557
1 0.48046875 0.6055555555555556 0.060937500000000006 0.13333333333333333
1 0.29765625 0.6229166666666667 0.0765625 0.14027777777777778
1 0.215234375 0.6236111111111111 0.07734375 0.125
1 0.153125 0.6354166666666667 0.051562500000000004 0.09583333333333334
0 0.9625 0.5770833333333334 0.025 0.11527777777777778
0 0.8859375 0.5722222222222223 0.034375 0.06944444444444445
0 0.8453125 0.5576388888888889 0.0140625 0.0375
0 0.8304687500000001 0.5423611111111112 0.018750000000000003 0.043055555555555555
0 0.0703125 0.6048611111111112 0.026562500000000003 0.14583333333333334
0 0.376953125 0.6027777777777777 0.014843750000000001 0.10555555555555556
0 0.39179687500000004 0.6062500000000001 0.02109375 0.10416666666666667
0 0.40859375000000003 0.6034722222222223 0.0171875 0.11805555555555557
0 0.51796875 0.5881944444444445 0.010937500000000001 0.09861111111111112
0 0.35703125 0.5597222222222222 0.010937500000000001 0.03888888888888889
0 0.37421875000000004 0.5479166666666667 0.004687500000000001 0.0125
0 0.5886718750000001 0.6041666666666667 0.02734375 0.11666666666666667
0 0.626171875 0.6444444444444445 0.02890625 0.08888888888888889
0 0.70625 0.6166666666666667 0.026562500000000003 0.14722222222222223
0 0.67890625 0.6194444444444445 0.021875000000000002 0.15833333333333333
0 0.65546875 0.5965277777777778 0.0171875 0.10694444444444445
0 0.71796875 0.55 0.0140625 0.03888888888888889
0 0.7308593750000001 0.5319444444444444 0.013281250000000001 0.04722222222222222
0 0.7371093750000001 0.5618055555555556 0.01640625 0.034722222222222224
0 0.68125 0.5256944444444445 0.0140625 0.02361111111111111
