1 0.8296875 0.5881944444444445 0.33906250000000004 0.26805555555555555
1 0.55859375 0.6062500000000001 0.051562500000000004 0.14583333333333334
1 0.483984375 0.6201388888888889 0.05078125 0.1513888888888889
1 0.29375 0.6222222222222222 0.07187500000000001 0.14722222222222223
1 0.215234375 0.6256944444444444 0.06953125 0.12916666666666668
1 0.15546875000000002 0.6381944444444445 0.045312500000000006 0.09305555555555556
0 0.0125 0.5951388888888889 0.0234375 0.17916666666666667
0 0.444140625 0.6006944444444444 0.01015625 0.10972222222222222
0 0.5945312500000001 0.6118055555555556 0.0140625 0.10694444444444445
0 0.6257812500000001 0.6451388888888889 0.026562500000000003 0.08472222222222223
0 0.96875 0.5340277777777778 0.0203125 0.04027777777777778
0 0.408203125 0.6069444444444445 0.01171875 0.1
0 0.394140625 0.6090277777777778 0.013281250000000001 0.10138888888888889
0 0.37812500000000004 0.6 0.0171875 0.11111111111111112
0 0.516015625 0.5791666666666667 0.00859375 0.06944444444444445
