1 0.6644531250000001 0.6402777777777778 0.28984375 0.14444444444444446
1 0.5546875 0.5611111111111111 0.05 0.04722222222222222
1 0.47578125000000004 0.6125 0.060937500000000006 0.15
1 0.29765625 0.6270833333333333 0.07500000000000001 0.13472222222222222
1 0.21640625000000002 0.6229166666666667 0.06875 0.12638888888888888
1 0.156640625 0.6305555555555555 0.05234375 0.10555555555555556
1 0.05390625 0.6145833333333334 0.10625000000000001 0.24305555555555555
0 0.40859375000000003 0.6 0.010937500000000001 0.08888888888888889
0 0.39570312500000004 0.6041666666666667 0.01171875 0.09444444444444444
0 0.37617187500000004 0.5993055555555555 0.014843750000000001 0.10138888888888889
0 0.36367187500000003 0.5888888888888889 0.00703125 0.06944444444444445
0 0.35234375 0.59375 0.0125 0.08472222222222223
0 0.51328125 0.5736111111111112 0.00625 0.04722222222222222
0 0.962890625 0.6006944444444444 0.03359375 0.15416666666666667
0 0.9015625 0.6 0.0234375 0.1277777777777778
0 0.860546875 0.6027777777777777 0.03515625 0.1277777777777778
0 0.73046875 0.5534722222222223 0.0140625 0.02361111111111111
0 0.6628906250000001 0.5520833333333334 0.01171875 0.02638888888888889
0 0.6890625 0.5479166666666667 0.0125 0.029166666666666667
0 0.70859375 0.5493055555555556 0.0171875 0.03194444444444445
0 0.728515625 0.5319444444444444 0.01640625 0.016666666666666666
0 0.68515625 0.5284722222222222 0.009375000000000001 0.018055555555555557
