0 0.01015625 0.6131944444444445 0.018750000000000003 0.12916666666666668
0 0.065234375 0.5944444444444444 0.01953125 0.09166666666666667
0 0.07890625000000001 0.6291666666666667 0.015625 0.1527777777777778
0 0.16640625 0.5715277777777777 0.015625 0.04861111111111111
0 0.24570312500000002 0.5784722222222223 0.013281250000000001 0.05694444444444444
0 0.255859375 0.5784722222222223 0.014843750000000001 0.0625
0 0.41328125000000004 0.5548611111111111 0.018750000000000003 0.034722222222222224
0 0.432421875 0.5604166666666667 0.01953125 0.0375
0 0.51953125 0.5868055555555556 0.0125 0.0763888888888889
0 0.509375 0.5777777777777778 0.0125 0.08611111111111111
0 0.596875 0.6027777777777777 0.0203125 0.11944444444444445
0 0.612890625 0.5909722222222222 0.02109375 0.12916666666666668
0 0.6312500000000001 0.6479166666666667 0.037500000000000006 0.08194444444444444
0 0.6625000000000001 0.5888888888888889 0.018750000000000003 0.11388888888888889
0 0.683203125 0.5395833333333333 0.01953125 0.034722222222222224
0 0.6890625 0.5951388888888889 0.025 0.10416666666666667
0 0.7039062500000001 0.5916666666666667 0.026562500000000003 0.11388888888888889
0 0.696875 0.5277777777777778 0.015625 0.02777777777777778
0 0.7097656250000001 0.5423611111111112 0.01953125 0.04583333333333334
0 0.7328125000000001 0.5340277777777778 0.025 0.029166666666666667
0 0.7312500000000001 0.5944444444444444 0.0203125 0.11111111111111112
0 0.8558593750000001 0.5972222222222222 0.039843750000000004 0.14166666666666666
0 0.8773437500000001 0.6020833333333333 0.0234375 0.1375
0 0.96640625 0.6013888888888889 0.034375 0.1527777777777778
