1 0.55703125 0.6041666666666667 0.0578125 0.15
1 0.48046875 0.6118055555555556 0.065625 0.1486111111111111
1 0.296875 0.6201388888888889 0.0765625 0.1375
1 0.21328125 0.6222222222222222 0.06875 0.14166666666666666
1 0.1546875 0.6444444444444445 0.053125000000000006 0.10833333333333334
0 0.9640625 0.6006944444444444 0.035937500000000004 0.15694444444444444
0 0.8515625 0.5979166666666667 0.0203125 0.11527777777777778
0 0.828125 0.5923611111111111 0.025 0.12638888888888888
0 0.765625 0.6104166666666667 0.037500000000000006 0.12638888888888888
1 0.044140625 0.6659722222222223 0.08671875000000001 0.1375
0 0.06953125 0.5715277777777777 0.026562500000000003 0.05416666666666667
0 0.25 0.6118055555555556 0.010937500000000001 0.13194444444444445
0 0.333984375 0.5625 0.00703125 0.05277777777777778
0 0.326171875 0.5715277777777777 0.01015625 0.04861111111111111
0 0.34765625 0.5611111111111111 0.0125 0.04722222222222222
0 0.36054687500000004 0.55625 0.01171875 0.043055555555555555
0 0.373828125 0.607638888888889 0.02421875 0.12083333333333333
0 0.39140625 0.6041666666666667 0.0171875 0.11111111111111112
0 0.408984375 0.6111111111111112 0.025781250000000002 0.12222222222222223
0 0.37929687500000003 0.5555555555555556 0.00859375 0.022222222222222223
0 0.51015625 0.5895833333333333 0.0171875 0.09861111111111112
0 0.524609375 0.5666666666666667 0.01171875 0.09444444444444444
0 0.5984375000000001 0.6006944444444444 0.0203125 0.12916666666666668
0 0.61328125 0.5888888888888889 0.0171875 0.10555555555555556
0 0.6265625 0.64375 0.0328125 0.07916666666666666
0 0.6644531250000001 0.6048611111111112 0.025781250000000002 0.14305555555555557
0 0.6859375000000001 0.6138888888888889 0.018750000000000003 0.13333333333333333
0 0.7074218750000001 0.5993055555555555 0.017968750000000002 0.13472222222222222
0 0.735546875 0.5958333333333333 0.02109375 0.10833333333333334
0 0.73203125 0.5395833333333333 0.021875000000000002 0.029166666666666667
0 0.7203125 0.5409722222222222 0.0140625 0.03194444444444445
0 0.689453125 0.5333333333333333 0.02109375 0.03333333333333333
0 0.648046875 0.5847222222222223 0.014843750000000001 0.09166666666666667
0 0.67109375 0.5437500000000001 0.010937500000000001 0.04027777777777778
