0 0.966796875 0.5888888888888889 0.03828125 0.16666666666666669
0 0.830078125 0.5840277777777778 0.01953125 0.12916666666666668
0 0.853125 0.5875 0.015625 0.11666666666666667
0 0.7265625 0.5944444444444444 0.018750000000000003 0.11666666666666667
0 0.6960937500000001 0.5909722222222222 0.00625 0.10694444444444445
0 0.66796875 0.5868055555555556 0.010937500000000001 0.10694444444444445
0 0.614453125 0.7423611111111111 0.06953125 0.5152777777777778
0 0.39296875000000003 0.6062500000000001 0.018750000000000003 0.09861111111111112
0 0.370703125 0.6013888888888889 0.02109375 0.09444444444444444
0 0.41015625 0.5875 0.009375000000000001 0.10277777777777779
0 0.667578125 0.5958333333333333 0.00859375 0.125
0 0.7367187500000001 0.5277777777777778 0.0140625 0.044444444444444446
1 0.5484375 0.6020833333333333 0.045312500000000006 0.1125
1 0.47734375 0.6131944444444445 0.040625 0.1375
1 0.290625 0.6263888888888889 0.078125 0.14444444444444446
1 0.2109375 0.6208333333333333 0.0625 0.14166666666666666
1 0.15625 0.6340277777777779 0.046875 0.12916666666666668
