0 0.41484375 0.6569444444444444 0.09375 0.26944444444444443
0 0.9636718750000001 0.6013888888888889 0.032031250000000004 0.16111111111111112
0 0.8542968750000001 0.5930555555555556 0.02421875 0.10833333333333334
0 0.833984375 0.5847222222222223 0.03671875 0.125
1 0.55703125 0.6048611111111112 0.06875 0.1625
0 0.62890625 0.6423611111111112 0.0421875 0.08472222222222223
1 0.48476562500000003 0.6138888888888889 0.07109375 0.15833333333333333
1 0.283984375 0.6298611111111111 0.24453125 0.1875
1 0.15078125 0.6284722222222222 0.051562500000000004 0.11527777777777778
0 0.017968750000000002 0.6090277777777778 0.034375 0.14027777777777778
0 0.078515625 0.6291666666666667 0.01015625 0.15
0 0.378515625 0.5625 0.02109375 0.04166666666666667
0 0.393359375 0.5756944444444445 0.01171875 0.043055555555555555
0 0.421875 0.5479166666666667 0.0171875 0.034722222222222224
0 0.5046875000000001 0.5833333333333334 0.015625 0.09166666666666667
0 0.519140625 0.5854166666666667 0.01171875 0.08750000000000001
0 0.5828125000000001 0.6006944444444444 0.021875000000000002 0.12083333333333333
0 0.5890625 0.5423611111111112 0.0125 0.02638888888888889
0 0.601171875 0.5895833333333333 0.01953125 0.10138888888888889
0 0.63046875 0.6423611111111112 0.0390625 0.08472222222222223
0 0.669921875 0.5958333333333333 0.02109375 0.13333333333333333
0 0.65625 0.5680555555555555 0.0078125 0.0638888888888889
0 0.68515625 0.5326388888888889 0.0203125 0.03194444444444445
0 0.6878906250000001 0.5916666666666667 0.022656250000000003 0.11111111111111112
0 0.702734375 0.5951388888888889 0.01953125 0.12083333333333333
0 0.710546875 0.5354166666666667 0.013281250000000001 0.02638888888888889
0 0.732421875 0.5284722222222222 0.01640625 0.0375
0 0.7527343750000001 0.6048611111111112 0.02109375 0.12916666666666668
0 0.77109375 0.6041666666666667 0.0203125 0.11944444444444445
0 0.72578125 0.5951388888888889 0.03125 0.11805555555555557
0 0.73828125 0.5597222222222222 0.015625 0.03333333333333333
0 0.83125 0.5868055555555556 0.029687500000000002 0.12361111111111112
0 0.8523437500000001 0.5909722222222222 0.018750000000000003 0.11805555555555557
