0 0.9625 0.5972222222222222 0.0328125 0.15
0 0.8625 0.607638888888889 0.029687500000000002 0.1375
0 0.8289062500000001 0.5465277777777778 0.015625 0.04027777777777778
0 0.749609375 0.3194444444444445 0.02890625 0.05
0 0.36757812500000003 0.33958333333333335 0.032031250000000004 0.043055555555555555
0 0.2765625 0.34305555555555556 0.029687500000000002 0.05277777777777778
0 0.31171875000000004 0.5381944444444444 0.0234375 0.07916666666666666
0 0.45351562500000003 0.5631944444444444 0.030468750000000003 0.034722222222222224
0 0.02109375 0.6236111111111111 0.0171875 0.125
0 0.041406250000000006 0.625 0.034375 0.16666666666666669
1 0.1484375 0.6375000000000001 0.05 0.1
1 0.5183593750000001 0.48750000000000004 0.69140625 0.47222222222222227
