1 0.15078125 0.6277777777777778 0.051562500000000004 0.11388888888888889
1 0.205859375 0.6194444444444445 0.06953125 0.14166666666666666
1 0.290625 0.61875 0.08125 0.15972222222222224
1 0.47890625000000003 0.6069444444444445 0.0625 0.14722222222222223
1 0.555078125 0.5986111111111111 0.06484375 0.15555555555555556
0 0.9613281250000001 0.5944444444444444 0.02734375 0.14722222222222223
0 0.8515625 0.5965277777777778 0.026562500000000003 0.12638888888888888
0 0.8269531250000001 0.5854166666666667 0.02734375 0.10972222222222222
0 0.070703125 0.5805555555555556 0.014843750000000001 0.0638888888888889
0 0.074609375 0.6284722222222222 0.01640625 0.1513888888888889
0 0.334765625 0.5881944444444445 0.01171875 0.09583333333333334
0 0.35078125000000004 0.5576388888888889 0.009375000000000001 0.043055555555555555
0 0.361328125 0.5520833333333334 0.0054687500000000005 0.018055555555555557
0 0.376953125 0.6006944444444444 0.01640625 0.10416666666666667
0 0.39609375 0.6013888888888889 0.0171875 0.11111111111111112
0 0.41054687500000003 0.6034722222222223 0.01640625 0.1125
0 0.587109375 0.5993055555555555 0.01640625 0.08750000000000001
0 0.630078125 0.6395833333333334 0.030468750000000003 0.0763888888888889
0 0.609375 0.6055555555555556 0.0234375 0.1277777777777778
0 0.632421875 0.5770833333333334 0.02109375 0.0763888888888889
0 0.6492187500000001 0.5805555555555556 0.0234375 0.1
0 0.676953125 0.6173611111111111 0.032031250000000004 0.12361111111111112
0 0.7359375 0.53125 0.015625 0.02638888888888889
0 0.733984375 0.5972222222222222 0.03515625 0.11388888888888889
0 0.7097656250000001 0.6020833333333333 0.022656250000000003 0.13472222222222222
0 0.6890625 0.6041666666666667 0.015625 0.1
0 0.6683593750000001 0.5520833333333334 0.014843750000000001 0.04861111111111111
0 0.687109375 0.5340277777777778 0.017968750000000002 0.034722222222222224
0 0.659375 0.5416666666666667 0.010937500000000001 0.019444444444444445
