1 0.665234375 0.6458333333333334 0.26015625000000003 0.15
1 0.144140625 0.6548611111111111 0.23515625 0.12638888888888888
1 0.47890625000000003 0.6062500000000001 0.0578125 0.13194444444444445
1 0.31015625 0.6291666666666667 0.07968750000000001 0.1388888888888889
1 0.551171875 0.5395833333333333 0.04609375 0.02361111111111111
1 0.20546875 0.56875 0.0546875 0.02638888888888889
0 0.333984375 0.5590277777777778 0.01015625 0.04861111111111111
0 0.35781250000000003 0.5895833333333333 0.00625 0.08472222222222223
0 0.37890625 0.5993055555555555 0.010937500000000001 0.09861111111111112
0 0.3953125 0.6027777777777777 0.0140625 0.10555555555555556
0 0.41015625 0.6013888888888889 0.009375000000000001 0.10277777777777779
0 0.51796875 0.5826388888888889 0.0125 0.08750000000000001
0 0.9671875000000001 0.6013888888888889 0.029687500000000002 0.14444444444444446
0 0.9046875000000001 0.6104166666666667 0.03125 0.14305555555555557
0 0.8679687500000001 0.5986111111111111 0.029687500000000002 0.13611111111111113
0 0.731640625 0.5638888888888889 0.02109375 0.036111111111111115
0 0.733984375 0.5305555555555556 0.02109375 0.022222222222222223
0 0.70078125 0.55 0.018750000000000003 0.03333333333333333
0 0.6875 0.5506944444444445 0.015625 0.020833333333333336
0 0.666015625 0.5423611111111112 0.01640625 0.034722222222222224
