0 0.29531250000000003 0.76875 0.153125 0.4236111111111111
0 0.9714843750000001 0.5868055555555556 0.02734375 0.12361111111111112
0 0.595703125 0.6027777777777777 0.01640625 0.125
0 0.43671875000000004 0.6125 0.0125 0.10833333333333334
0 0.40664062500000003 0.5993055555555555 0.01015625 0.11527777777777778
0 0.397265625 0.6027777777777777 0.01015625 0.11388888888888889
0 0.38007812500000004 0.6013888888888889 0.013281250000000001 0.10555555555555556
0 0.07968750000000001 0.6381944444444445 0.015625 0.1486111111111111
0 0.0171875 0.6027777777777777 0.0140625 0.14722222222222223
1 0.148046875 0.6423611111111112 0.041406250000000006 0.09027777777777778
1 0.195703125 0.6180555555555556 0.03671875 0.11666666666666667
1 0.318359375 0.6284722222222222 0.041406250000000006 0.1375
1 0.7757812500000001 0.6055555555555556 0.321875 0.2611111111111111
1 0.556640625 0.607638888888889 0.057031250000000006 0.15972222222222224
1 0.483984375 0.6131944444444445 0.047656250000000004 0.14305555555555557
