0 0.1 0.7395833333333334 0.13593750000000002 0.5125000000000001
0 0.31562500000000004 0.6506944444444445 0.026562500000000003 0.19305555555555556
0 0.37343750000000003 0.5986111111111111 0.0125 0.10833333333333334
0 0.3921875 0.5965277777777778 0.010937500000000001 0.10138888888888889
0 0.405859375 0.5923611111111111 0.014843750000000001 0.09583333333333334
0 0.9578125000000001 0.5930555555555556 0.0421875 0.14444444444444446
0 0.853125 0.5625 0.009375000000000001 0.04722222222222222
0 0.83203125 0.5423611111111112 0.0140625 0.043055555555555555
0 0.420703125 0.5423611111111112 0.00859375 0.018055555555555557
1 0.7699218750000001 0.6256944444444444 0.28671875 0.1763888888888889
1 0.553125 0.5930555555555556 0.037500000000000006 0.11666666666666667
1 0.47695312500000003 0.6083333333333334 0.04453125 0.14166666666666666
1 0.282421875 0.6048611111111112 0.032031250000000004 0.10972222222222222
1 0.2109375 0.6173611111111111 0.065625 0.11805555555555557
1 0.154296875 0.6284722222222222 0.03671875 0.09583333333333334
0 0.5171875 0.59375 0.0125 0.09583333333333334
0 0.35468750000000004 0.5645833333333333 0.0078125 0.04583333333333334
0 0.599609375 0.6090277777777778 0.022656250000000003 0.11805555555555557
0 0.6078125000000001 0.5569444444444445 0.009375000000000001 0.030555555555555558
0 0.61875 0.5597222222222222 0.009375000000000001 0.04722222222222222
0 0.587109375 0.6118055555555556 0.00859375 0.09027777777777778
