0 0.9632812500000001 0.5958333333333333 0.040625 0.1527777777777778
0 0.85546875 0.6006944444444444 0.009375000000000001 0.1125
0 0.83125 0.5881944444444445 0.018750000000000003 0.12361111111111112
0 0.7722656250000001 0.5986111111111111 0.014843750000000001 0.11944444444444445
0 0.7933593750000001 0.6166666666666667 0.02421875 0.10833333333333334
0 0.6312500000000001 0.6444444444444445 0.029687500000000002 0.08333333333333334
0 0.453125 0.6604166666666667 0.043750000000000004 0.23472222222222222
0 0.016015625000000002 0.6138888888888889 0.030468750000000003 0.14166666666666666
0 0.37578125 0.5694444444444444 0.010937500000000001 0.0638888888888889
0 0.33046875000000003 0.5631944444444444 0.00625 0.034722222222222224
0 0.393359375 0.5986111111111111 0.01015625 0.09166666666666667
0 0.40742187500000004 0.5826388888888889 0.00859375 0.0625
0 0.519921875 0.5902777777777778 0.00703125 0.07222222222222223
0 0.5886718750000001 0.6055555555555556 0.01015625 0.11944444444444445
0 0.6042968750000001 0.59375 0.013281250000000001 0.10138888888888889
0 0.6671875 0.5972222222222222 0.0140625 0.13055555555555556
0 0.721875 0.59375 0.0171875 0.10972222222222222
0 0.7046875 0.5881944444444445 0.0125 0.12361111111111112
0 0.690625 0.5979166666666667 0.0171875 0.10416666666666667
0 0.684765625 0.5298611111111111 0.00703125 0.0125
0 0.7328125000000001 0.5298611111111111 0.0078125 0.018055555555555557
1 0.25546875 0.6375000000000001 0.26406250000000003 0.1638888888888889
1 0.56015625 0.6083333333333334 0.0484375 0.14166666666666666
1 0.49453125000000003 0.6131944444444445 0.035937500000000004 0.13194444444444445
