1 0.9027343750000001 0.6472222222222223 0.19296875000000002 0.16666666666666669
1 0.465625 0.6548611111111111 0.2828125 0.17083333333333334
1 0.2890625 0.6208333333333333 0.0625 0.13055555555555556
1 0.55390625 0.5756944444444445 0.0671875 0.08194444444444444
1 0.478125 0.5506944444444445 0.045312500000000006 0.02638888888888889
1 0.211328125 0.6208333333333333 0.06171875 0.11388888888888889
1 0.150390625 0.63125 0.041406250000000006 0.09861111111111112
0 0.013281250000000001 0.6062500000000001 0.025 0.1375
0 0.33359375 0.5506944444444445 0.0125 0.029166666666666667
0 0.373046875 0.5583333333333333 0.014843750000000001 0.02777777777777778
0 0.389453125 0.5590277777777778 0.00859375 0.02361111111111111
0 0.40351562500000004 0.5569444444444445 0.013281250000000001 0.02777777777777778
0 0.51328125 0.5701388888888889 0.0078125 0.04583333333333334
0 0.5945312500000001 0.5833333333333334 0.010937500000000001 0.06666666666666667
0 0.658203125 0.5993055555555555 0.01015625 0.10972222222222222
0 0.63046875 0.6458333333333334 0.021875000000000002 0.06666666666666667
0 0.679296875 0.5965277777777778 0.013281250000000001 0.1125
0 0.667578125 0.5479166666666667 0.0054687500000000005 0.018055555555555557
0 0.701171875 0.5916666666666667 0.01640625 0.11944444444444445
0 0.71484375 0.5854166666666667 0.009375000000000001 0.10972222222222222
0 0.732421875 0.6006944444444444 0.01640625 0.12361111111111112
0 0.730078125 0.525 0.00859375 0.016666666666666666
0 0.748046875 0.5486111111111112 0.022656250000000003 0.05277777777777778
0 0.96640625 0.5375 0.018750000000000003 0.01388888888888889
