1 0.304296875 0.6451388888888889 0.26484375 0.1625
1 0.1546875 0.6416666666666667 0.053125000000000006 0.10277777777777779
1 0.20273437500000002 0.5729166666666667 0.06484375 0.051388888888888894
1 0.28671875 0.5625 0.07500000000000001 0.04722222222222222
1 0.47734375 0.6111111111111112 0.06875 0.15
1 0.55625 0.6055555555555556 0.0703125 0.16111111111111112
0 0.962890625 0.5958333333333333 0.032031250000000004 0.14166666666666666
0 0.8519531250000001 0.5930555555555556 0.022656250000000003 0.11666666666666667
0 0.073046875 0.6215277777777778 0.022656250000000003 0.15694444444444444
0 0.40625 0.5854166666666667 0.021875000000000002 0.0763888888888889
0 0.39492187500000003 0.5840277777777778 0.017968750000000002 0.06527777777777778
0 0.38125000000000003 0.5847222222222223 0.015625 0.075
0 0.35859375000000004 0.5743055555555556 0.0140625 0.043055555555555555
0 0.33632812500000003 0.5708333333333333 0.013281250000000001 0.02777777777777778
0 0.3640625 0.5520833333333334 0.0125 0.0375
0 0.511328125 0.5909722222222222 0.01015625 0.09305555555555556
0 0.4546875 0.6090277777777778 0.028125 0.1375
0 0.5109375 0.5395833333333333 0.00625 0.02638888888888889
0 0.591796875 0.6083333333333334 0.02109375 0.11944444444444445
0 0.6023437500000001 0.5875 0.0140625 0.09722222222222222
0 0.616796875 0.5916666666666667 0.014843750000000001 0.10277777777777779
0 0.6265625 0.6430555555555556 0.028125 0.07777777777777778
0 0.6421875 0.5750000000000001 0.018750000000000003 0.061111111111111116
0 0.6546875000000001 0.5611111111111111 0.0125 0.05277777777777778
0 0.6726562500000001 0.6069444444444445 0.026562500000000003 0.16666666666666669
0 0.6960937500000001 0.6111111111111112 0.029687500000000002 0.15
0 0.8 0.6048611111111112 0.021875000000000002 0.13194444444444445
0 0.712890625 0.6020833333333333 0.02421875 0.1375
0 0.736328125 0.5951388888888889 0.022656250000000003 0.11527777777777778
0 0.7351562500000001 0.5409722222222222 0.0171875 0.04027777777777778
0 0.6820312500000001 0.5326388888888889 0.0078125 0.02638888888888889
