0 0.325 0.6354166666666667 0.043750000000000004 0.2125
0 0.964453125 0.5958333333333333 0.02890625 0.15833333333333333
0 0.857421875 0.5979166666666667 0.02890625 0.11805555555555557
0 0.8324218750000001 0.5881944444444445 0.032031250000000004 0.12638888888888888
0 0.076171875 0.6284722222222222 0.014843750000000001 0.15694444444444444
0 0.0125 0.6013888888888889 0.021875000000000002 0.15
0 0.244921875 0.5965277777777778 0.017968750000000002 0.09305555555555556
0 0.37734375000000003 0.6048611111111112 0.015625 0.1125
0 0.39492187500000003 0.6027777777777777 0.013281250000000001 0.11388888888888889
0 0.40664062500000003 0.6013888888888889 0.022656250000000003 0.11388888888888889
0 0.41250000000000003 0.55 0.0125 0.03333333333333333
0 0.59140625 0.545138888888889 0.0140625 0.03194444444444445
0 0.6125 0.5631944444444444 0.0234375 0.0625
0 0.6578125 0.5680555555555555 0.0140625 0.05555555555555556
0 0.6687500000000001 0.5743055555555556 0.018750000000000003 0.09305555555555556
0 0.6820312500000001 0.5680555555555555 0.0140625 0.061111111111111116
0 0.6824218750000001 0.5340277777777778 0.01015625 0.029166666666666667
0 0.6953125 0.607638888888889 0.018750000000000003 0.12638888888888888
0 0.7054687500000001 0.6041666666666667 0.021875000000000002 0.13055555555555556
0 0.706640625 0.5708333333333333 0.022656250000000003 0.08611111111111111
0 0.730078125 0.6069444444444445 0.022656250000000003 0.11666666666666667
0 0.7273437500000001 0.5465277777777778 0.018750000000000003 0.04027777777777778
0 0.732421875 0.5319444444444444 0.01171875 0.02777777777777778
1 0.555078125 0.6305555555555555 0.27421875 0.19166666666666668
1 0.28945312500000003 0.6166666666666667 0.08046875 0.15555555555555556
1 0.20859375000000002 0.6215277777777778 0.07500000000000001 0.13472222222222222
1 0.14960937500000002 0.63125 0.04453125 0.10972222222222222
