0 0.153125 0.7451388888888889 0.2171875 0.5097222222222222
0 0.0171875 0.6069444444444445 0.028125 0.14722222222222223
0 0.060546875 0.5618055555555556 0.017968750000000002 0.0763888888888889
0 0.328125 0.58125 0.010937500000000001 0.07083333333333333
0 0.3765625 0.6013888888888889 0.0171875 0.10833333333333334
0 0.394140625 0.6062500000000001 0.01640625 0.10972222222222222
0 0.40546875000000004 0.6020833333333333 0.0125 0.10972222222222222
0 0.41718750000000004 0.5520833333333334 0.0125 0.02361111111111111
0 0.4390625 0.6048611111111112 0.029687500000000002 0.1125
0 0.517578125 0.5875 0.013281250000000001 0.08055555555555556
0 0.508203125 0.5743055555555556 0.013281250000000001 0.06527777777777778
0 0.624609375 0.6402777777777778 0.02109375 0.075
0 0.5875 0.6062500000000001 0.021875000000000002 0.12083333333333333
0 0.5652343750000001 0.55625 0.017968750000000002 0.04583333333333334
0 0.966796875 0.5597222222222222 0.02421875 0.07222222222222223
0 0.9460937500000001 0.5555555555555556 0.009375000000000001 0.03333333333333333
0 0.9375 0.5465277777777778 0.010937500000000001 0.03194444444444445
1 0.8128906250000001 0.5826388888888889 0.35859375000000004 0.2902777777777778
1 0.5535156250000001 0.6013888888888889 0.06015625 0.15833333333333333
1 0.48164062500000004 0.6131944444444445 0.06640625 0.1513888888888889
1 0.2890625 0.6236111111111111 0.07968750000000001 0.1527777777777778
1 0.2078125 0.61875 0.07187500000000001 0.14027777777777778
1 0.16757812500000002 0.6284722222222222 0.02421875 0.09583333333333334
