1 0.6214843750000001 0.5840277777777778 0.31171875000000004 0.2652777777777778
1 0.30234375 0.6215277777777778 0.0734375 0.13472222222222222
1 0.211328125 0.6229166666666667 0.06171875 0.12638888888888888
1 0.14921875 0.6319444444444444 0.0421875 0.11666666666666667
0 0.07265625 0.6118055555555556 0.026562500000000003 0.1375
0 0.017968750000000002 0.6083333333333334 0.0328125 0.16111111111111112
0 0.962890625 0.5930555555555556 0.02890625 0.15833333333333333
0 0.8597656250000001 0.5840277777777778 0.01953125 0.11805555555555557
0 0.8328125000000001 0.5847222222222223 0.025 0.1388888888888889
0 0.353515625 0.5743055555555556 0.0054687500000000005 0.04583333333333334
0 0.37617187500000004 0.607638888888889 0.01171875 0.1125
0 0.393359375 0.6104166666666667 0.014843750000000001 0.1125
0 0.40859375000000003 0.6034722222222223 0.0078125 0.10694444444444445
0 0.45078125 0.5652777777777778 0.015625 0.0638888888888889
0 0.730078125 0.5263888888888889 0.014843750000000001 0.03888888888888889
