1 0.34921875 0.6340277777777779 0.246875 0.17916666666666667
1 0.555078125 0.6069444444444445 0.04453125 0.14444444444444446
1 0.49062500000000003 0.6159722222222223 0.040625 0.14305555555555557
1 0.205078125 0.6152777777777778 0.03671875 0.10277777777777779
1 0.153125 0.6395833333333334 0.046875 0.07916666666666666
0 0.3921875 0.6354166666666667 0.040625 0.20972222222222223
0 0.955078125 0.5986111111111111 0.041406250000000006 0.1638888888888889
0 0.8609375 0.5979166666666667 0.018750000000000003 0.10416666666666667
0 0.83359375 0.59375 0.0125 0.12083333333333333
0 0.7484375000000001 0.6173611111111111 0.0328125 0.11527777777777778
0 0.6722656250000001 0.5888888888888889 0.02109375 0.12222222222222223
0 0.60703125 0.5881944444444445 0.0125 0.10416666666666667
0 0.5921875 0.6055555555555556 0.015625 0.10555555555555556
0 0.628125 0.6472222222222223 0.0390625 0.0638888888888889
0 0.014843750000000001 0.6069444444444445 0.028125 0.15833333333333333
0 0.703125 0.5666666666666667 0.0125 0.05555555555555556
0 0.6890625 0.5951388888888889 0.009375000000000001 0.10138888888888889
0 0.7332031250000001 0.5145833333333334 0.01640625 0.018055555555555557
0 0.6839843750000001 0.5145833333333334 0.00703125 0.018055555555555557
