1 0.232421875 0.64375 0.27109375 0.15972222222222224
1 0.29921875000000003 0.5680555555555555 0.06406250000000001 0.06666666666666667
1 0.4765625 0.6062500000000001 0.0578125 0.15694444444444444
1 0.5554687500000001 0.6138888888888889 0.045312500000000006 0.13611111111111113
0 0.9675781250000001 0.6006944444444444 0.039843750000000004 0.14027777777777778
0 0.8734375000000001 0.6138888888888889 0.03125 0.15
0 0.844921875 0.5958333333333333 0.01953125 0.15
0 0.630078125 0.6451388888888889 0.02734375 0.07083333333333333
0 0.004296875 0.6270833333333333 0.00703125 0.14305555555555557
0 0.436328125 0.5951388888888889 0.014843750000000001 0.11527777777777778
0 0.416015625 0.59375 0.01171875 0.10972222222222222
0 0.405078125 0.5875 0.01171875 0.07777777777777778
0 0.39375000000000004 0.5993055555555555 0.010937500000000001 0.09305555555555556
0 0.37890625 0.6034722222222223 0.0171875 0.10694444444444445
0 0.508203125 0.5951388888888889 0.01015625 0.09861111111111112
0 0.6046875 0.6041666666666667 0.0140625 0.11944444444444445
0 0.591796875 0.6013888888888889 0.0054687500000000005 0.11944444444444445
0 0.66171875 0.5902777777777778 0.0171875 0.11944444444444445
0 0.6796875 0.5604166666666667 0.009375000000000001 0.06805555555555556
0 0.692578125 0.5930555555555556 0.014843750000000001 0.1
0 0.708203125 0.5979166666666667 0.00859375 0.10694444444444445
0 0.704296875 0.5291666666666667 0.01171875 0.025
0 0.73203125 0.5298611111111111 0.018750000000000003 0.020833333333333336
0 0.733984375 0.5972222222222222 0.01953125 0.11944444444444445
