0 0.960546875 0.5854166666666667 0.022656250000000003 0.14583333333333334
0 0.853515625 0.5993055555555555 0.00703125 0.12638888888888888
0 0.828125 0.5840277777777778 0.025 0.15694444444444444
1 0.5546875 0.6 0.053125000000000006 0.14166666666666666
1 0.480078125 0.6131944444444445 0.047656250000000004 0.12916666666666668
1 0.29375 0.6333333333333333 0.065625 0.14722222222222223
1 0.215234375 0.6298611111111111 0.055468750000000004 0.12083333333333333
1 0.15351562500000002 0.6375000000000001 0.03671875 0.09722222222222222
0 0.014843750000000001 0.6118055555555556 0.028125 0.1625
0 0.351171875 0.5881944444444445 0.01171875 0.08194444444444444
0 0.374609375 0.6027777777777777 0.01171875 0.11111111111111112
0 0.394140625 0.6048611111111112 0.01171875 0.08750000000000001
0 0.409765625 0.5972222222222222 0.00859375 0.10555555555555556
0 0.516015625 0.6090277777777778 0.00859375 0.12916666666666668
0 0.6058593750000001 0.6013888888888889 0.0054687500000000005 0.12222222222222223
0 0.6332031250000001 0.6513888888888889 0.025781250000000002 0.07777777777777778
0 0.624609375 0.5729166666666667 0.013281250000000001 0.05694444444444444
0 0.640625 0.5520833333333334 0.015625 0.05416666666666667
0 0.661328125 0.5854166666666667 0.022656250000000003 0.13194444444444445
0 0.6796875 0.5958333333333333 0.0171875 0.10833333333333334
0 0.697265625 0.6041666666666667 0.01953125 0.125
0 0.73203125 0.59375 0.0203125 0.11805555555555557
0 0.7359375 0.5243055555555556 0.0125 0.02638888888888889
0 0.6800781250000001 0.5319444444444444 0.01171875 0.030555555555555558
