1 0.9378906250000001 0.6298611111111111 0.12421875 0.16527777777777777
1 0.46992187500000004 0.5958333333333333 0.33046875000000003 0.2638888888888889
1 0.280859375 0.6180555555555556 0.041406250000000006 0.11944444444444445
1 0.21835937500000002 0.638888888888889 0.06015625 0.1388888888888889
1 0.16640625 0.6451388888888889 0.0484375 0.09861111111111112
0 0.017578125 0.61875 0.02734375 0.13194444444444445
0 0.8285156250000001 0.5930555555555556 0.03359375 0.11944444444444445
0 0.9609375 0.5381944444444444 0.0328125 0.020833333333333336
0 0.85859375 0.5833333333333334 0.0140625 0.09444444444444444
0 0.060937500000000006 0.5868055555555556 0.010937500000000001 0.07916666666666666
0 0.6707031250000001 0.5840277777777778 0.01640625 0.12361111111111112
0 0.6984375 0.59375 0.0171875 0.10972222222222222
0 0.736328125 0.5930555555555556 0.017968750000000002 0.08611111111111111
0 0.73359375 0.5326388888888889 0.0203125 0.02638888888888889
0 0.698828125 0.5972222222222222 0.013281250000000001 0.10833333333333334
0 0.6839843750000001 0.5347222222222222 0.01015625 0.022222222222222223
0 0.657421875 0.5958333333333333 0.013281250000000001 0.11388888888888889
