1 0.7292968750000001 0.4847222222222222 0.54140625 0.4861111111111111
1 0.29375 0.6104166666666667 0.07500000000000001 0.1375
1 0.209375 0.6229166666666667 0.05625 0.14305555555555557
1 0.1484375 0.6479166666666667 0.046875 0.11805555555555557
0 0.060546875 0.6062500000000001 0.02734375 0.14027777777777778
0 0.554296875 0.3298611111111111 0.01640625 0.0375
0 0.650390625 0.3277777777777778 0.022656250000000003 0.061111111111111116
0 0.683203125 0.545138888888889 0.025781250000000002 0.08194444444444444
0 0.776953125 0.545138888888889 0.02734375 0.06805555555555556
0 0.7312500000000001 0.5340277777777778 0.018750000000000003 0.04861111111111111
0 0.37539062500000003 0.5986111111111111 0.014843750000000001 0.11111111111111112
0 0.38984375000000004 0.5986111111111111 0.0203125 0.11388888888888889
0 0.405078125 0.5986111111111111 0.014843750000000001 0.11111111111111112
0 0.394140625 0.5520833333333334 0.01015625 0.02638888888888889
