0 0.7527343750000001 0.6506944444444445 0.07578125000000001 0.25416666666666665
0 0.593359375 0.6034722222222223 0.01640625 0.10972222222222222
0 0.6277343750000001 0.64375 0.02734375 0.07083333333333333
0 0.6707031250000001 0.5909722222222222 0.017968750000000002 0.11527777777777778
0 0.688671875 0.5861111111111111 0.00859375 0.1
0 0.704296875 0.5597222222222222 0.01015625 0.08888888888888889
0 0.68125 0.5270833333333333 0.009375000000000001 0.0125
0 0.409765625 0.607638888888889 0.01015625 0.09583333333333334
0 0.39375000000000004 0.6131944444444445 0.018750000000000003 0.09861111111111112
0 0.38007812500000004 0.5930555555555556 0.01015625 0.11666666666666667
0 0.028515625000000003 0.56875 0.02421875 0.0625
1 0.04609375 0.6715277777777778 0.09062500000000001 0.14305555555555557
1 0.152734375 0.6354166666666667 0.041406250000000006 0.11527777777777778
1 0.208984375 0.6111111111111112 0.057031250000000006 0.11944444444444445
1 0.29765625 0.6263888888888889 0.0625 0.15
1 0.48281250000000003 0.6125 0.0484375 0.14166666666666666
1 0.555078125 0.6131944444444445 0.05390625 0.14583333333333334
0 0.517578125 0.5881944444444445 0.01171875 0.07916666666666666
