0 0.01953125 0.6083333333333334 0.03125 0.14166666666666666
0 0.059765625 0.5923611111111111 0.01640625 0.09305555555555556
0 0.078125 0.6305555555555555 0.0140625 0.15555555555555556
0 0.5867187500000001 0.6062500000000001 0.026562500000000003 0.11527777777777778
0 0.6312500000000001 0.6444444444444445 0.0390625 0.07777777777777778
0 0.6609375000000001 0.5979166666666667 0.0140625 0.10972222222222222
0 0.6644531250000001 0.5479166666666667 0.01171875 0.029166666666666667
0 0.6742187500000001 0.5895833333333333 0.021875000000000002 0.13194444444444445
0 0.68515625 0.5368055555555555 0.0140625 0.043055555555555555
0 0.6980468750000001 0.5944444444444444 0.025781250000000002 0.1277777777777778
0 0.7351562500000001 0.5958333333333333 0.026562500000000003 0.11111111111111112
0 0.73203125 0.5347222222222222 0.026562500000000003 0.030555555555555558
0 0.83125 0.5902777777777778 0.034375 0.12222222222222223
0 0.864453125 0.5694444444444444 0.01953125 0.06944444444444445
0 0.962890625 0.5423611111111112 0.02421875 0.034722222222222224
1 0.9187500000000001 0.6402777777777778 0.1625 0.16666666666666669
1 0.148046875 0.6270833333333333 0.055468750000000004 0.12361111111111112
1 0.20820312500000002 0.6215277777777778 0.06953125 0.1375
1 0.416015625 0.5895833333333333 0.33828125000000003 0.2763888888888889
1 0.552734375 0.5770833333333334 0.06171875 0.10972222222222222
