1 0.890625 0.6159722222222223 0.215625 0.16527777777777777
1 0.552734375 0.6041666666666667 0.041406250000000006 0.11111111111111112
1 0.48164062500000004 0.6090277777777778 0.047656250000000004 0.13472222222222222
1 0.287890625 0.6097222222222223 0.04609375 0.09722222222222222
1 0.14179687500000002 0.6166666666666667 0.02890625 0.08055555555555556
1 0.18710937500000002 0.5791666666666667 0.04609375 0.0638888888888889
0 0.237109375 0.7312500000000001 0.08046875 0.5319444444444444
0 0.34453125 0.6229166666666667 0.026562500000000003 0.13194444444444445
0 0.0140625 0.6020833333333333 0.026562500000000003 0.1736111111111111
0 0.409765625 0.6027777777777777 0.00859375 0.11944444444444445
0 0.39296875000000003 0.6118055555555556 0.0125 0.10416666666666667
0 0.37578125 0.5958333333333333 0.0171875 0.08888888888888889
0 0.5859375 0.6159722222222223 0.0078125 0.1125
0 0.6003906250000001 0.5916666666666667 0.0054687500000000005 0.09166666666666667
0 0.611328125 0.5652777777777778 0.01015625 0.05
0 0.6351562500000001 0.6479166666666667 0.037500000000000006 0.0625
0 0.7359375 0.5986111111111111 0.03125 0.13611111111111113
0 0.73359375 0.5222222222222223 0.010937500000000001 0.01388888888888889
0 0.6980468750000001 0.5909722222222222 0.01953125 0.1125
0 0.6703125000000001 0.5909722222222222 0.0171875 0.10694444444444445
0 0.5203125000000001 0.59375 0.0078125 0.08472222222222223
0 0.6453125000000001 0.5666666666666667 0.015625 0.05
0 0.716015625 0.5444444444444445 0.0054687500000000005 0.016666666666666666
