1 0.556640625 0.6069444444444445 0.05234375 0.1388888888888889
1 0.4859375 0.6111111111111112 0.051562500000000004 0.13055555555555556
1 0.33671875 0.638888888888889 0.2421875 0.13055555555555556
1 0.152734375 0.6361111111111112 0.041406250000000006 0.08055555555555556
1 0.19140625 0.58125 0.021875000000000002 0.043055555555555555
0 0.07500000000000001 0.63125 0.021875000000000002 0.15416666666666667
0 0.966796875 0.6 0.02421875 0.1527777777777778
0 0.8738281250000001 0.6159722222222223 0.02109375 0.1375
0 0.848828125 0.5951388888888889 0.025781250000000002 0.1513888888888889
0 0.630859375 0.6444444444444445 0.039843750000000004 0.06944444444444445
0 0.51796875 0.5868055555555556 0.015625 0.09305555555555556
0 0.43789062500000003 0.5583333333333333 0.014843750000000001 0.02777777777777778
0 0.42109375000000004 0.5590277777777778 0.009375000000000001 0.0375
0 0.40390625 0.5590277777777778 0.0125 0.02361111111111111
0 0.39140625 0.5583333333333333 0.004687500000000001 0.016666666666666666
0 0.37578125 0.5541666666666667 0.010937500000000001 0.030555555555555558
0 0.59609375 0.6034722222222223 0.010937500000000001 0.12361111111111112
0 0.610546875 0.5902777777777778 0.01015625 0.1
0 0.731640625 0.5979166666666667 0.01640625 0.1125
0 0.731640625 0.53125 0.01640625 0.018055555555555557
0 0.6890625 0.5930555555555556 0.018750000000000003 0.10555555555555556
0 0.6609375000000001 0.5902777777777778 0.0140625 0.11944444444444445
0 0.67890625 0.5298611111111111 0.0125 0.015277777777777779
0 0.6937500000000001 0.5291666666666667 0.0078125 0.025
0 0.7093750000000001 0.5437500000000001 0.0140625 0.029166666666666667
0 0.7078125000000001 0.6041666666666667 0.0140625 0.08333333333333334
