1 0.084375 0.6062500000000001 0.16718750000000002 0.26805555555555555
1 0.1609375 0.6375000000000001 0.0390625 0.09444444444444444
1 0.21250000000000002 0.6194444444444445 0.078125 0.13611111111111113
1 0.29453125 0.625 0.0765625 0.1527777777777778
1 0.47890625000000003 0.6097222222222223 0.0578125 0.14722222222222223
1 0.5546875 0.6048611111111112 0.06406250000000001 0.15694444444444444
1 0.7078125000000001 0.64375 0.3125 0.16527777777777777
0 0.9671875000000001 0.6013888888888889 0.029687500000000002 0.15
0 0.8984375 0.5958333333333333 0.029687500000000002 0.13055555555555556
0 0.8523437500000001 0.5930555555555556 0.03125 0.1277777777777778
0 0.7351562500000001 0.5618055555555556 0.0203125 0.043055555555555555
0 0.735546875 0.5416666666666667 0.022656250000000003 0.036111111111111115
0 0.7230468750000001 0.5340277777777778 0.01171875 0.029166666666666667
0 0.70625 0.5506944444444445 0.0171875 0.04861111111111111
0 0.694921875 0.5527777777777778 0.017968750000000002 0.03888888888888889
0 0.6804687500000001 0.5479166666666667 0.015625 0.029166666666666667
0 0.684765625 0.5361111111111111 0.01953125 0.030555555555555558
0 0.659375 0.5527777777777778 0.009375000000000001 0.025
0 0.666015625 0.5486111111111112 0.013281250000000001 0.03333333333333333
0 0.58515625 0.5673611111111111 0.025 0.05694444444444444
0 0.515625 0.5847222222222223 0.018750000000000003 0.08611111111111111
0 0.40742187500000004 0.6 0.017968750000000002 0.10277777777777779
0 0.39492187500000003 0.6034722222222223 0.017968750000000002 0.10694444444444445
0 0.37929687500000003 0.6006944444444444 0.02109375 0.10972222222222222
0 0.35859375000000004 0.5868055555555556 0.0125 0.08750000000000001
0 0.34687500000000004 0.5895833333333333 0.0171875 0.08472222222222223
0 0.32890625 0.5826388888888889 0.0125 0.07916666666666666
