0 0.8269531250000001 0.7055555555555556 0.22265625 0.3944444444444445
1 0.858984375 0.5819444444444445 0.28203125 0.26944444444444443
1 0.552734375 0.5986111111111111 0.06328125 0.1388888888888889
1 0.48085937500000003 0.6111111111111112 0.06171875 0.14444444444444446
1 0.29375 0.6277777777777778 0.07968750000000001 0.13333333333333333
1 0.21601562500000002 0.6180555555555556 0.08515625 0.14722222222222223
1 0.1484375 0.6291666666666667 0.060937500000000006 0.11666666666666667
1 0.014843750000000001 0.6625 0.028125 0.1
0 0.07695312500000001 0.6347222222222223 0.013281250000000001 0.15
0 0.018359375 0.6048611111111112 0.03515625 0.1513888888888889
0 0.330078125 0.5819444444444445 0.01640625 0.06944444444444445
0 0.37539062500000003 0.6041666666666667 0.014843750000000001 0.10833333333333334
0 0.35546875 0.5583333333333333 0.0125 0.04722222222222222
0 0.39296875000000003 0.6083333333333334 0.0171875 0.1
0 0.405078125 0.6006944444444444 0.01171875 0.10694444444444445
0 0.51875 0.5854166666666667 0.0140625 0.08194444444444444
0 0.5078125 0.5798611111111112 0.010937500000000001 0.08194444444444444
0 0.593359375 0.5826388888888889 0.01171875 0.10416666666666667
0 0.5875 0.6027777777777777 0.021875000000000002 0.125
0 0.669140625 0.5965277777777778 0.017968750000000002 0.13472222222222222
0 0.630859375 0.6430555555555556 0.03671875 0.07777777777777778
0 0.6605468750000001 0.5944444444444444 0.00859375 0.1
0 0.6839843750000001 0.5381944444444444 0.01640625 0.034722222222222224
0 0.689453125 0.5902777777777778 0.01953125 0.11666666666666667
0 0.702734375 0.59375 0.01640625 0.12361111111111112
0 0.7109375 0.5597222222222222 0.026562500000000003 0.07777777777777778
