1 0.612890625 0.6291666666666667 0.22421875000000002 0.17222222222222222
1 0.46875 0.6020833333333333 0.035937500000000004 0.12916666666666668
1 0.28515625 0.6069444444444445 0.043750000000000004 0.11111111111111112
1 0.21601562500000002 0.6125 0.07578125000000001 0.11111111111111112
1 0.158203125 0.6236111111111111 0.041406250000000006 0.09444444444444444
0 0.32148437500000004 0.6458333333333334 0.02421875 0.18888888888888888
0 0.373046875 0.5923611111111111 0.013281250000000001 0.08194444444444444
0 0.016796875 0.5909722222222222 0.032031250000000004 0.15972222222222224
0 0.389453125 0.5979166666666667 0.00078125 0.08472222222222223
0 0.40703125 0.607638888888889 0.009375000000000001 0.09305555555555556
0 0.41875 0.5520833333333334 0.018750000000000003 0.029166666666666667
0 0.8289062500000001 0.59375 0.0234375 0.14583333333333334
0 0.8562500000000001 0.607638888888889 0.018750000000000003 0.09861111111111112
0 0.9593750000000001 0.5965277777777778 0.025 0.14583333333333334
0 0.7375 0.5486111111111112 0.010937500000000001 0.030555555555555558
0 0.7019531250000001 0.5416666666666667 0.0054687500000000005 0.036111111111111115
0 0.6820312500000001 0.5298611111111111 0.004687500000000001 0.020833333333333336
0 0.734375 0.5270833333333333 0.00625 0.018055555555555557
0 0.6644531250000001 0.5222222222222223 0.01015625 0.025
