1 0.568359375 0.6430555555555556 0.26796875000000003 0.14722222222222223
1 0.298046875 0.6326388888888889 0.06171875 0.1375
1 0.22109375 0.6263888888888889 0.0671875 0.13055555555555556
1 0.053515625000000004 0.675 0.10546875 0.14444444444444446
1 0.152734375 0.6347222222222223 0.039843750000000004 0.1
0 0.021484375 0.5625 0.014843750000000001 0.03333333333333333
0 0.33437500000000003 0.5618055555555556 0.0171875 0.0375
0 0.3765625 0.6069444444444445 0.0078125 0.10277777777777779
0 0.394140625 0.6062500000000001 0.022656250000000003 0.10694444444444445
0 0.41171875 0.5951388888888889 0.0171875 0.09861111111111112
0 0.5921875 0.5576388888888889 0.0203125 0.03194444444444445
0 0.657421875 0.5569444444444445 0.01171875 0.05277777777777778
0 0.6761718750000001 0.5597222222222222 0.01640625 0.03888888888888889
0 0.7000000000000001 0.5555555555555556 0.0234375 0.030555555555555558
0 0.702734375 0.5333333333333333 0.014843750000000001 0.01388888888888889
0 0.732421875 0.53125 0.01953125 0.03194444444444445
0 0.73359375 0.5986111111111111 0.025 0.10833333333333334
0 0.8625 0.5979166666666667 0.026562500000000003 0.12916666666666668
0 0.8929687500000001 0.6034722222222223 0.025 0.14305555555555557
0 0.9640625 0.5986111111111111 0.03125 0.15
