1 0.9695312500000001 0.6298611111111111 0.060937500000000006 0.14583333333333334
1 0.5535156250000001 0.5979166666666667 0.34296875000000004 0.2652777777777778
1 0.29296875 0.6180555555555556 0.06875 0.14444444444444446
1 0.21601562500000002 0.6270833333333333 0.06640625 0.14583333333333334
1 0.15859375 0.6395833333333334 0.059375000000000004 0.11527777777777778
0 0.021875000000000002 0.6069444444444445 0.03125 0.1388888888888889
0 0.06640625 0.6055555555555556 0.03125 0.11388888888888889
0 0.37812500000000004 0.59375 0.0078125 0.11527777777777778
0 0.83203125 0.5881944444444445 0.0125 0.13194444444444445
0 0.8621093750000001 0.6 0.02421875 0.11666666666666667
0 0.9574218750000001 0.5541666666666667 0.02734375 0.04722222222222222
0 0.3609375 0.5833333333333334 0.009375000000000001 0.0638888888888889
0 0.66328125 0.5416666666666667 0.009375000000000001 0.02777777777777778
0 0.693359375 0.5569444444444445 0.00859375 0.04166666666666667
0 0.7390625000000001 0.5993055555555555 0.0203125 0.10416666666666667
0 0.7328125000000001 0.5305555555555556 0.0125 0.019444444444444445
