0 0.513671875 0.7298611111111112 0.11328125 0.5375
0 0.630078125 0.6375000000000001 0.02421875 0.06944444444444445
0 0.9632812500000001 0.5902777777777778 0.034375 0.1638888888888889
0 0.83125 0.5847222222222223 0.025 0.13611111111111113
0 0.85078125 0.6006944444444444 0.0203125 0.14305555555555557
0 0.079296875 0.6229166666666667 0.017968750000000002 0.15972222222222224
0 0.24375000000000002 0.6041666666666667 0.0203125 0.1277777777777778
0 0.354296875 0.5645833333333333 0.013281250000000001 0.0375
0 0.33125000000000004 0.5576388888888889 0.0125 0.043055555555555555
0 0.36250000000000004 0.5555555555555556 0.009375000000000001 0.02777777777777778
0 0.38906250000000003 0.6083333333333334 0.029687500000000002 0.15
0 0.374609375 0.59375 0.01640625 0.10138888888888889
0 0.404296875 0.6027777777777777 0.017968750000000002 0.11666666666666667
0 0.435546875 0.5520833333333334 0.02109375 0.03194444444444445
0 0.5808593750000001 0.6 0.022656250000000003 0.12222222222222223
0 0.59921875 0.6006944444444444 0.021875000000000002 0.1125
0 0.6171875 0.5916666666666667 0.0203125 0.08888888888888889
0 0.61484375 0.5402777777777777 0.0171875 0.019444444444444445
0 0.632421875 0.5604166666666667 0.02109375 0.04027777777777778
0 0.66953125 0.5923611111111111 0.021875000000000002 0.1375
0 0.657421875 0.5750000000000001 0.01015625 0.05555555555555556
0 0.6804687500000001 0.5930555555555556 0.0171875 0.1277777777777778
0 0.681640625 0.5284722222222222 0.01171875 0.02361111111111111
0 0.6960937500000001 0.5965277777777778 0.0234375 0.14583333333333334
0 0.7097656250000001 0.5951388888888889 0.02109375 0.13472222222222222
0 0.71484375 0.545138888888889 0.009375000000000001 0.03194444444444445
0 0.731640625 0.5986111111111111 0.02734375 0.13333333333333333
0 0.73359375 0.5381944444444444 0.010937500000000001 0.03194444444444445
