1 0.74921875 0.6430555555555556 0.3015625 0.15833333333333333
1 0.55703125 0.6111111111111112 0.0578125 0.13055555555555556
1 0.483203125 0.6125 0.06640625 0.15
1 0.29609375 0.6180555555555556 0.0765625 0.14166666666666666
1 0.10312500000000001 0.6125 0.203125 0.22777777777777777
1 0.228515625 0.625 0.02421875 0.13055555555555556
0 0.40625 0.5958333333333333 0.0078125 0.08611111111111111
0 0.392578125 0.6055555555555556 0.00859375 0.10555555555555556
0 0.376953125 0.6027777777777777 0.01640625 0.10833333333333334
0 0.34687500000000004 0.5986111111111111 0.009375000000000001 0.07777777777777778
0 0.36015625 0.59375 0.0078125 0.06805555555555556
0 0.5171875 0.5854166666666667 0.0125 0.08194444444444444
0 0.587109375 0.6083333333333334 0.00859375 0.10833333333333334
0 0.6578125 0.5555555555555556 0.0125 0.016666666666666666
0 0.676953125 0.5513888888888889 0.00703125 0.011111111111111112
0 0.69453125 0.5423611111111112 0.0125 0.015277777777777779
0 0.7230468750000001 0.5402777777777777 0.01015625 0.025
0 0.736328125 0.5430555555555556 0.01171875 0.02777777777777778
0 0.8453125 0.5680555555555555 0.03125 0.08333333333333334
0 0.898046875 0.5847222222222223 0.02421875 0.10277777777777779
0 0.9656250000000001 0.6013888888888889 0.028125 0.15555555555555556
