1 0.818359375 0.48541666666666666 0.36328125 0.5013888888888889
1 0.556640625 0.6062500000000001 0.06484375 0.15972222222222224
1 0.478125 0.6118055555555556 0.05625 0.1486111111111111
1 0.29765625 0.6159722222222223 0.084375 0.16527777777777777
1 0.21250000000000002 0.6208333333333333 0.078125 0.1388888888888889
1 0.15234375 0.63125 0.0484375 0.10138888888888889
0 0.07382812500000001 0.625 0.02734375 0.16111111111111112
0 0.405078125 0.5986111111111111 0.014843750000000001 0.10833333333333334
0 0.39179687500000004 0.6041666666666667 0.017968750000000002 0.10277777777777779
0 0.376953125 0.6034722222222223 0.01953125 0.11805555555555557
0 0.5140625 0.5756944444444445 0.0140625 0.07916666666666666
0 0.521875 0.6034722222222223 0.0140625 0.09027777777777778
0 0.57578125 0.5666666666666667 0.018750000000000003 0.044444444444444446
0 0.6062500000000001 0.6020833333333333 0.025 0.12916666666666668
0 0.6312500000000001 0.64375 0.026562500000000003 0.06805555555555556
0 0.5609375 0.5583333333333333 0.009375000000000001 0.02777777777777778
