0 0.07773437500000001 0.6291666666666667 0.014843750000000001 0.15555555555555556
0 0.01171875 0.6118055555555556 0.021875000000000002 0.12916666666666668
1 0.148828125 0.6402777777777778 0.04453125 0.08333333333333334
1 0.201171875 0.5805555555555556 0.057031250000000006 0.05
1 0.290625 0.5618055555555556 0.06875 0.029166666666666667
1 0.294921875 0.6506944444444445 0.30234375 0.15416666666666667
1 0.47968750000000004 0.6111111111111112 0.0578125 0.15
1 0.5535156250000001 0.6041666666666667 0.06171875 0.15
1 0.819921875 0.6347222222222223 0.28671875 0.18055555555555555
0 0.966015625 0.6034722222222223 0.03828125 0.14305555555555557
0 0.89609375 0.5680555555555555 0.0203125 0.0638888888888889
0 0.8738281250000001 0.5597222222222222 0.032031250000000004 0.05555555555555556
0 0.7308593750000001 0.545138888888889 0.013281250000000001 0.009722222222222222
0 0.7308593750000001 0.5291666666666667 0.01640625 0.022222222222222223
0 0.7015625000000001 0.5604166666666667 0.0203125 0.05416666666666667
0 0.683203125 0.5347222222222222 0.014843750000000001 0.016666666666666666
0 0.680859375 0.5875 0.01640625 0.09722222222222222
0 0.662109375 0.5909722222222222 0.02890625 0.12361111111111112
0 0.5867187500000001 0.6027777777777777 0.021875000000000002 0.11944444444444445
0 0.515234375 0.5868055555555556 0.014843750000000001 0.08194444444444444
0 0.6292968750000001 0.6444444444444445 0.032031250000000004 0.06944444444444445
0 0.405078125 0.5895833333333333 0.01640625 0.0763888888888889
0 0.39375000000000004 0.5861111111111111 0.0171875 0.06666666666666667
0 0.37539062500000003 0.5840277777777778 0.014843750000000001 0.07083333333333333
0 0.35585937500000003 0.576388888888889 0.01640625 0.0638888888888889
0 0.34414062500000003 0.5694444444444444 0.013281250000000001 0.061111111111111116
0 0.33710937500000004 0.5493055555555556 0.01015625 0.02638888888888889
0 0.251953125 0.5583333333333333 0.01015625 0.02777777777777778
