1 0.10820312500000001 0.6569444444444444 0.21484375 0.14722222222222223
1 0.15000000000000002 0.6111111111111112 0.05 0.058333333333333334
1 0.21484375 0.6201388888888889 0.08125 0.12916666666666668
1 0.2921875 0.6208333333333333 0.07968750000000001 0.14444444444444446
1 0.47773437500000004 0.6069444444444445 0.055468750000000004 0.1388888888888889
1 0.61640625 0.6326388888888889 0.265625 0.16805555555555557
0 0.011328125000000001 0.56875 0.02109375 0.02638888888888889
0 0.335546875 0.5638888888888889 0.00859375 0.05
0 0.40546875000000004 0.5986111111111111 0.0140625 0.10833333333333334
0 0.39687500000000003 0.6034722222222223 0.0140625 0.10972222222222222
0 0.384765625 0.5909722222222222 0.00859375 0.10694444444444445
0 0.37812500000000004 0.6 0.0125 0.10833333333333334
0 0.36484375 0.5902777777777778 0.021875000000000002 0.10277777777777779
0 0.731640625 0.58125 0.01640625 0.07916666666666666
0 0.7332031250000001 0.5319444444444444 0.01640625 0.02777777777777778
0 0.70625 0.5381944444444444 0.0203125 0.043055555555555555
0 0.703125 0.576388888888889 0.03125 0.075
0 0.687109375 0.5680555555555555 0.01171875 0.058333333333333334
0 0.681640625 0.5375 0.01953125 0.030555555555555558
0 0.675 0.5722222222222223 0.015625 0.05277777777777778
0 0.6628906250000001 0.5576388888888889 0.022656250000000003 0.051388888888888894
0 0.633984375 0.5548611111111111 0.03828125 0.0375
0 0.86640625 0.5972222222222222 0.0328125 0.13611111111111113
0 0.894140625 0.6041666666666667 0.02890625 0.1388888888888889
0 0.966015625 0.6020833333333333 0.03359375 0.1513888888888889
