1 0.16132812500000002 0.6479166666666667 0.29140625000000003 0.1625
1 0.205078125 0.5805555555555556 0.06640625 0.05555555555555556
1 0.291796875 0.6194444444444445 0.08203125 0.16111111111111112
1 0.47890625000000003 0.6111111111111112 0.0578125 0.15
1 0.55390625 0.6048611111111112 0.059375000000000004 0.15416666666666667
0 0.968359375 0.6055555555555556 0.03828125 0.1527777777777778
0 0.868359375 0.6111111111111112 0.02734375 0.14166666666666666
0 0.84375 0.5993055555555555 0.0421875 0.1486111111111111
0 0.73203125 0.5944444444444444 0.021875000000000002 0.11388888888888889
0 0.731640625 0.5340277777777778 0.01640625 0.02638888888888889
0 0.703125 0.5319444444444444 0.0171875 0.030555555555555558
0 0.7039062500000001 0.5923611111111111 0.018750000000000003 0.1125
0 0.69296875 0.5979166666666667 0.0234375 0.10138888888888889
0 0.6820312500000001 0.5805555555555556 0.015625 0.11111111111111112
0 0.6640625 0.5909722222222222 0.026562500000000003 0.1125
0 0.6875 0.5319444444444444 0.00625 0.019444444444444445
0 0.6046875 0.6041666666666667 0.0171875 0.11944444444444445
0 0.5890625 0.5958333333333333 0.018750000000000003 0.12222222222222223
0 0.509375 0.5875 0.0140625 0.08888888888888889
0 0.5203125000000001 0.5881944444444445 0.009375000000000001 0.08750000000000001
0 0.5320312500000001 0.5652777777777778 0.021875000000000002 0.05555555555555556
0 0.44375000000000003 0.5909722222222222 0.0125 0.10972222222222222
0 0.42421875000000003 0.59375 0.025 0.1125
0 0.40468750000000003 0.5965277777777778 0.0125 0.09861111111111112
0 0.39570312500000004 0.6013888888888889 0.01953125 0.11111111111111112
0 0.37617187500000004 0.5993055555555555 0.02421875 0.11805555555555557
0 0.252734375 0.5777777777777778 0.00703125 0.04722222222222222
0 0.244140625 0.5645833333333333 0.00703125 0.029166666666666667
