1 0.896484375 0.46805555555555556 0.20703125 0.5083333333333333
1 0.555859375 0.607638888888889 0.06484375 0.1486111111111111
1 0.47890625000000003 0.6194444444444445 0.053125000000000006 0.15
1 0.295703125 0.6256944444444444 0.07265625 0.15416666666666667
1 0.21171875 0.6229166666666667 0.06406250000000001 0.13472222222222222
1 0.158203125 0.64375 0.05859375 0.10416666666666667
0 0.07578125000000001 0.6097222222222223 0.0140625 0.1638888888888889
0 0.3765625 0.5986111111111111 0.021875000000000002 0.10833333333333334
0 0.393359375 0.6048611111111112 0.02421875 0.10972222222222222
0 0.409765625 0.6062500000000001 0.02109375 0.10416666666666667
0 0.5140625 0.5972222222222222 0.029687500000000002 0.10277777777777779
0 0.61640625 0.6041666666666667 0.0234375 0.13055555555555556
0 0.6316406250000001 0.6520833333333333 0.02734375 0.07083333333333333
0 0.6609375000000001 0.5888888888888889 0.018750000000000003 0.11944444444444445
0 0.67890625 0.5729166666666667 0.021875000000000002 0.10694444444444445
0 0.6898437500000001 0.5395833333333333 0.0140625 0.04861111111111111
0 0.696875 0.5958333333333333 0.0171875 0.10277777777777779
0 0.7152343750000001 0.5958333333333333 0.01640625 0.125
0 0.7332031250000001 0.5972222222222222 0.013281250000000001 0.10277777777777779
0 0.73046875 0.5270833333333333 0.0140625 0.018055555555555557
0 0.942578125 0.5125000000000001 0.014843750000000001 0.03333333333333333
0 0.9871093750000001 0.5229166666666667 0.022656250000000003 0.05694444444444444
