0 0.019531 0.608333 0.031250 0.141667
0 0.059766 0.592361 0.016406 0.093056
0 0.078125 0.630556 0.014063 0.155556
0 0.586719 0.606250 0.026562 0.115278
0 0.631250 0.644444 0.039062 0.077778
0 0.660937 0.597917 0.014063 0.109722
0 0.664453 0.547917 0.011719 0.029167
0 0.674219 0.589583 0.021875 0.131944
0 0.685156 0.536806 0.014063 0.043056
0 0.698047 0.594444 0.025781 0.127778
0 0.735156 0.595833 0.026562 0.111111
0 0.732031 0.534722 0.026562 0.030556
0 0.831250 0.590278 0.034375 0.122222
0 0.864453 0.569444 0.019531 0.069444
0 0.962891 0.542361 0.024219 0.034722
1 0.918750 0.640278 0.162500 0.166667
1 0.148047 0.627083 0.055469 0.123611
1 0.208203 0.621528 0.069531 0.137500
1 0.416016 0.589583 0.338281 0.276389
1 0.552734 0.577083 0.061719 0.109722
