1 0.108203 0.656944 0.214844 0.147222
1 0.150000 0.611111 0.050000 0.058333
1 0.214844 0.620139 0.081250 0.129167
1 0.292187 0.620833 0.079687 0.144444
1 0.477734 0.606944 0.055469 0.138889
1 0.616406 0.632639 0.265625 0.168056
0 0.011328 0.568750 0.021094 0.026389
0 0.335547 0.563889 0.008594 0.050000
0 0.405469 0.598611 0.014063 0.108333
0 0.396875 0.603472 0.014063 0.109722
0 0.384766 0.590972 0.008594 0.106944
0 0.378125 0.600000 0.012500 0.108333
0 0.364844 0.590278 0.021875 0.102778
0 0.731641 0.581250 0.016406 0.079167
0 0.733203 0.531944 0.016406 0.027778
0 0.706250 0.538194 0.020313 0.043056
0 0.703125 0.576389 0.031250 0.075000
0 0.687109 0.568056 0.011719 0.058333
0 0.681641 0.537500 0.019531 0.030556
0 0.675000 0.572222 0.015625 0.052778
0 0.662891 0.557639 0.022656 0.051389
0 0.633984 0.554861 0.038281 0.037500
0 0.866406 0.597222 0.032813 0.136111
0 0.894141 0.604167 0.028906 0.138889
0 0.966016 0.602083 0.033594 0.151389
