1 0.028906 0.663194 0.056250 0.118056
1 0.150000 0.643056 0.050000 0.083333
1 0.211719 0.619444 0.076563 0.141667
1 0.293750 0.618056 0.078125 0.158333
1 0.479297 0.608333 0.057031 0.147222
1 0.553125 0.602778 0.059375 0.147222
1 0.924609 0.459722 0.150781 0.477778
0 0.838281 0.597222 0.031250 0.138889
0 0.732812 0.595139 0.021875 0.109722
0 0.729688 0.535417 0.012500 0.029167
0 0.713672 0.540278 0.016406 0.036111
0 0.708594 0.594444 0.015625 0.111111
0 0.697656 0.593056 0.018750 0.111111
0 0.691406 0.527083 0.007812 0.012500
0 0.682031 0.577778 0.017188 0.108333
0 0.663672 0.591667 0.024219 0.116667
0 0.633984 0.644444 0.038281 0.069444
0 0.617188 0.601389 0.020313 0.122222
0 0.526953 0.591667 0.017969 0.088889
0 0.509766 0.595139 0.022656 0.098611
0 0.449219 0.595833 0.009375 0.102778
0 0.407422 0.602778 0.014844 0.105556
0 0.412500 0.552083 0.009375 0.020833
0 0.394141 0.602778 0.019531 0.111111
0 0.376953 0.604167 0.024219 0.111111
0 0.246875 0.570139 0.012500 0.051389
0 0.078906 0.625694 0.014063 0.159722
