0 0.171094 0.712500 0.095312 0.575000
0 0.962500 0.557639 0.034375 0.073611
0 0.012500 0.606944 0.023438 0.144444
0 0.078906 0.629167 0.015625 0.152778
0 0.246094 0.611111 0.020313 0.119444
0 0.324609 0.627083 0.042969 0.173611
0 0.376563 0.602083 0.015625 0.106944
0 0.392578 0.603472 0.019531 0.109722
0 0.405469 0.602083 0.015625 0.104167
0 0.355859 0.568750 0.010156 0.059722
0 0.421484 0.549306 0.014844 0.031944
0 0.522656 0.587500 0.015625 0.083333
0 0.583203 0.600000 0.024219 0.125000
0 0.598437 0.603472 0.012500 0.120833
0 0.607422 0.592361 0.011719 0.123611
0 0.618750 0.588194 0.007812 0.112500
0 0.627734 0.644444 0.030469 0.080556
0 0.635938 0.579167 0.018750 0.080556
0 0.655469 0.599306 0.025000 0.120833
0 0.669922 0.592361 0.014844 0.140278
0 0.682422 0.595833 0.014844 0.111111
0 0.682813 0.536111 0.015625 0.027778
0 0.700781 0.590972 0.021875 0.123611
1 0.855859 0.626389 0.288281 0.200000
1 0.479297 0.612500 0.055469 0.144444
1 0.553125 0.604861 0.060937 0.143056
1 0.291797 0.618056 0.072656 0.150000
1 0.212891 0.620833 0.055469 0.130556
