0 0.077734 0.629167 0.014844 0.155556
0 0.011719 0.611806 0.021875 0.129167
1 0.148828 0.640278 0.044531 0.083333
1 0.201172 0.580556 0.057031 0.050000
1 0.290625 0.561806 0.068750 0.029167
1 0.294922 0.650694 0.302344 0.154167
1 0.479687 0.611111 0.057813 0.150000
1 0.553516 0.604167 0.061719 0.150000
1 0.819922 0.634722 0.286719 0.180556
0 0.966016 0.603472 0.038281 0.143056
0 0.896094 0.568056 0.020313 0.063889
0 0.873828 0.559722 0.032031 0.055556
0 0.730859 0.545139 0.013281 0.009722
0 0.730859 0.529167 0.016406 0.022222
0 0.701562 0.560417 0.020313 0.054167
0 0.683203 0.534722 0.014844 0.016667
0 0.680859 0.587500 0.016406 0.097222
0 0.662109 0.590972 0.028906 0.123611
0 0.586719 0.602778 0.021875 0.119444
0 0.515234 0.586806 0.014844 0.081944
0 0.629297 0.644444 0.032031 0.069444
0 0.405078 0.589583 0.016406 0.076389
0 0.393750 0.586111 0.017188 0.066667
0 0.375391 0.584028 0.014844 0.070833
0 0.355859 0.576389 0.016406 0.063889
0 0.344141 0.569444 0.013281 0.061111
0 0.337109 0.549306 0.010156 0.026389
0 0.251953 0.558333 0.010156 0.027778
