0 0.010156 0.613194 0.018750 0.129167
0 0.065234 0.594444 0.019531 0.091667
0 0.078906 0.629167 0.015625 0.152778
0 0.166406 0.571528 0.015625 0.048611
0 0.245703 0.578472 0.013281 0.056944
0 0.255859 0.578472 0.014844 0.062500
0 0.413281 0.554861 0.018750 0.034722
0 0.432422 0.560417 0.019531 0.037500
0 0.519531 0.586806 0.012500 0.076389
0 0.509375 0.577778 0.012500 0.086111
0 0.596875 0.602778 0.020313 0.119444
0 0.612891 0.590972 0.021094 0.129167
0 0.631250 0.647917 0.037500 0.081944
0 0.662500 0.588889 0.018750 0.113889
0 0.683203 0.539583 0.019531 0.034722
0 0.689063 0.595139 0.025000 0.104167
0 0.703906 0.591667 0.026562 0.113889
0 0.696875 0.527778 0.015625 0.027778
0 0.709766 0.542361 0.019531 0.045833
0 0.732812 0.534028 0.025000 0.029167
0 0.731250 0.594444 0.020313 0.111111
0 0.855859 0.597222 0.039844 0.141667
0 0.877344 0.602083 0.023438 0.137500
0 0.966406 0.601389 0.034375 0.152778
