0 0.710156 0.749306 0.285938 0.501389
0 0.060547 0.587500 0.025781 0.088889
0 0.081250 0.631944 0.021875 0.158333
0 0.018359 0.608333 0.035156 0.144444
0 0.255078 0.568056 0.013281 0.038889
0 0.328125 0.586806 0.017188 0.079167
0 0.344922 0.581250 0.016406 0.073611
0 0.362500 0.551389 0.012500 0.033333
0 0.374609 0.543056 0.010156 0.011111
0 0.378516 0.599306 0.021094 0.109722
0 0.393359 0.603472 0.021094 0.112500
0 0.399219 0.554861 0.010937 0.018056
0 0.407813 0.605556 0.021875 0.116667
0 0.415234 0.556250 0.013281 0.034722
0 0.430859 0.552778 0.011719 0.025000
0 0.441016 0.552083 0.008594 0.020833
0 0.505469 0.578472 0.014063 0.084722
0 0.516797 0.586111 0.014844 0.086111
0 0.833594 0.550000 0.021875 0.050000
0 0.853125 0.561806 0.021875 0.054167
0 0.962891 0.600000 0.038281 0.152778
0 0.987109 0.593750 0.016406 0.118056
0 0.995703 0.575694 0.008594 0.084722
