0 0.016016 0.606944 0.030469 0.125000
0 0.076953 0.630556 0.013281 0.152778
0 0.251563 0.611806 0.007812 0.109722
0 0.241797 0.614583 0.013281 0.090278
0 0.337109 0.587500 0.010156 0.094444
0 0.329688 0.591667 0.014063 0.091667
0 0.357812 0.591667 0.017188 0.088889
0 0.369141 0.590278 0.010156 0.080556
0 0.377344 0.582639 0.015625 0.065278
0 0.393750 0.579167 0.020313 0.058333
0 0.405859 0.577778 0.019531 0.052778
0 0.514062 0.559722 0.012500 0.033333
0 0.591016 0.577778 0.017969 0.072222
0 0.659766 0.597222 0.014844 0.108333
0 0.668750 0.565972 0.014063 0.065278
0 0.678516 0.533333 0.011719 0.027778
0 0.684375 0.597222 0.014063 0.127778
0 0.701562 0.592361 0.018750 0.115278
0 0.716016 0.588194 0.014844 0.115278
0 0.712109 0.531944 0.010156 0.013889
0 0.732031 0.535417 0.014063 0.026389
0 0.746875 0.545833 0.020313 0.050000
0 0.734375 0.561806 0.020313 0.045833
0 0.867188 0.554861 0.025000 0.062500
0 0.900781 0.542361 0.018750 0.018056
0 0.966406 0.539583 0.015625 0.020833
1 0.928516 0.627083 0.142969 0.176389
1 0.553125 0.570139 0.062500 0.087500
1 0.478516 0.553472 0.052344 0.031944
1 0.510547 0.647917 0.299219 0.162500
1 0.294141 0.618056 0.080469 0.161111
1 0.211328 0.622222 0.074219 0.150000
1 0.151953 0.639583 0.055469 0.090278
