0 0.017969 0.607639 0.032813 0.145833
0 0.066406 0.610417 0.018750 0.143056
0 0.079687 0.632639 0.015625 0.148611
0 0.254688 0.574306 0.018750 0.054167
0 0.334766 0.585417 0.017969 0.081944
0 0.353906 0.581250 0.014063 0.079167
0 0.370312 0.607639 0.015625 0.109722
0 0.378516 0.556944 0.011719 0.025000
0 0.394141 0.604861 0.025781 0.118056
0 0.405078 0.603472 0.016406 0.106944
0 0.962500 0.600694 0.039062 0.154167
0 0.860156 0.597222 0.028125 0.122222
0 0.835156 0.590972 0.037500 0.126389
0 0.735938 0.563889 0.025000 0.047222
0 0.734766 0.533333 0.022656 0.027778
0 0.664453 0.544444 0.019531 0.030556
0 0.683984 0.545139 0.017969 0.054167
0 0.699609 0.554861 0.025781 0.043056
1 0.982031 0.641667 0.035937 0.108333
1 0.594531 0.594444 0.337500 0.277778
1 0.287891 0.623611 0.094531 0.138889
1 0.207422 0.617361 0.067969 0.131944
1 0.155469 0.643750 0.064062 0.098611
