1 0.207422 0.600000 0.353906 0.277778
1 0.480469 0.607639 0.065625 0.162500
1 0.556250 0.600000 0.062500 0.163889
1 0.855859 0.646528 0.288281 0.173611
0 0.017188 0.609722 0.032813 0.147222
0 0.341016 0.565278 0.016406 0.036111
0 0.351172 0.568056 0.016406 0.036111
0 0.376563 0.603472 0.017188 0.112500
0 0.392188 0.603472 0.020313 0.104167
0 0.405859 0.602083 0.014844 0.109722
0 0.516406 0.585417 0.015625 0.084722
0 0.587891 0.606250 0.030469 0.123611
0 0.632031 0.646528 0.040625 0.076389
0 0.662500 0.596528 0.018750 0.106944
0 0.664453 0.545833 0.014844 0.025000
0 0.679297 0.585417 0.019531 0.095833
0 0.686328 0.534028 0.008594 0.020833
0 0.682813 0.531944 0.014063 0.022222
0 0.700000 0.595139 0.021875 0.118056
0 0.729297 0.531944 0.021094 0.027778
0 0.735156 0.572222 0.026562 0.063889
0 0.833203 0.548611 0.021094 0.038889
0 0.884375 0.552778 0.017188 0.041667
0 0.966797 0.570833 0.032031 0.088889
