0 0.325000 0.635417 0.043750 0.212500
0 0.964453 0.595833 0.028906 0.158333
0 0.857422 0.597917 0.028906 0.118056
0 0.832422 0.588194 0.032031 0.126389
0 0.076172 0.628472 0.014844 0.156944
0 0.012500 0.601389 0.021875 0.150000
0 0.244922 0.596528 0.017969 0.093056
0 0.377344 0.604861 0.015625 0.112500
0 0.394922 0.602778 0.013281 0.113889
0 0.406641 0.601389 0.022656 0.113889
0 0.412500 0.550000 0.012500 0.033333
0 0.591406 0.545139 0.014063 0.031944
0 0.612500 0.563194 0.023438 0.062500
0 0.657813 0.568056 0.014063 0.055556
0 0.668750 0.574306 0.018750 0.093056
0 0.682031 0.568056 0.014063 0.061111
0 0.682422 0.534028 0.010156 0.029167
0 0.695312 0.607639 0.018750 0.126389
0 0.705469 0.604167 0.021875 0.130556
0 0.706641 0.570833 0.022656 0.086111
0 0.730078 0.606944 0.022656 0.116667
0 0.727344 0.546528 0.018750 0.040278
0 0.732422 0.531944 0.011719 0.027778
1 0.555078 0.630556 0.274219 0.191667
1 0.289453 0.616667 0.080469 0.155556
1 0.208594 0.621528 0.075000 0.134722
1 0.149609 0.631250 0.044531 0.109722
