0 0.153125 0.745139 0.217188 0.509722
0 0.017188 0.606944 0.028125 0.147222
0 0.060547 0.561806 0.017969 0.076389
0 0.328125 0.581250 0.010937 0.070833
0 0.376563 0.601389 0.017188 0.108333
0 0.394141 0.606250 0.016406 0.109722
0 0.405469 0.602083 0.012500 0.109722
0 0.417187 0.552083 0.012500 0.023611
0 0.439063 0.604861 0.029687 0.112500
0 0.517578 0.587500 0.013281 0.080556
0 0.508203 0.574306 0.013281 0.065278
0 0.624609 0.640278 0.021094 0.075000
0 0.587500 0.606250 0.021875 0.120833
0 0.565234 0.556250 0.017969 0.045833
0 0.966797 0.559722 0.024219 0.072222
0 0.946094 0.555556 0.009375 0.033333
0 0.937500 0.546528 0.010937 0.031944
1 0.812891 0.582639 0.358594 0.290278
1 0.553516 0.601389 0.060156 0.158333
1 0.481641 0.613194 0.066406 0.151389
1 0.289062 0.623611 0.079687 0.152778
1 0.207813 0.618750 0.071875 0.140278
1 0.167578 0.628472 0.024219 0.095833
