0 0.574219 0.687500 0.134375 0.325000
1 0.940625 0.572222 0.118750 0.275000
1 0.477344 0.607639 0.067187 0.148611
1 0.556250 0.574306 0.070312 0.123611
1 0.298047 0.615972 0.088281 0.134722
1 0.213281 0.609722 0.078125 0.108333
1 0.119141 0.643056 0.236719 0.180556
0 0.331641 0.579167 0.014844 0.066667
0 0.354687 0.558333 0.014063 0.047222
0 0.376172 0.598611 0.019531 0.113889
0 0.392578 0.601389 0.016406 0.105556
0 0.405859 0.604167 0.016406 0.116667
0 0.516797 0.620833 0.025781 0.138889
0 0.518750 0.586111 0.009375 0.083333
0 0.598828 0.569444 0.027344 0.061111
0 0.658594 0.572222 0.012500 0.052778
0 0.628906 0.642361 0.035937 0.084722
0 0.671094 0.596528 0.017188 0.131944
0 0.685156 0.531944 0.020313 0.036111
0 0.689844 0.593056 0.026562 0.111111
0 0.703906 0.545139 0.018750 0.023611
0 0.714063 0.593056 0.017188 0.130556
0 0.723047 0.527778 0.017969 0.025000
0 0.734375 0.534028 0.017188 0.031944
0 0.737500 0.594444 0.031250 0.108333
0 0.817969 0.600000 0.034375 0.130556
0 0.836328 0.588194 0.017969 0.126389
0 0.854688 0.597917 0.023438 0.118056
