1 0.084375 0.606250 0.167187 0.268056
1 0.160938 0.637500 0.039062 0.094444
1 0.212500 0.619444 0.078125 0.136111
1 0.294531 0.625000 0.076563 0.152778
1 0.478906 0.609722 0.057813 0.147222
1 0.554688 0.604861 0.064062 0.156944
1 0.707812 0.643750 0.312500 0.165278
0 0.967187 0.601389 0.029687 0.150000
0 0.898438 0.595833 0.029687 0.130556
0 0.852344 0.593056 0.031250 0.127778
0 0.735156 0.561806 0.020313 0.043056
0 0.735547 0.541667 0.022656 0.036111
0 0.723047 0.534028 0.011719 0.029167
0 0.706250 0.550694 0.017188 0.048611
0 0.694922 0.552778 0.017969 0.038889
0 0.680469 0.547917 0.015625 0.029167
0 0.684766 0.536111 0.019531 0.030556
0 0.659375 0.552778 0.009375 0.025000
0 0.666016 0.548611 0.013281 0.033333
0 0.585156 0.567361 0.025000 0.056944
0 0.515625 0.584722 0.018750 0.086111
0 0.407422 0.600000 0.017969 0.102778
0 0.394922 0.603472 0.017969 0.106944
0 0.379297 0.600694 0.021094 0.109722
0 0.358594 0.586806 0.012500 0.087500
0 0.346875 0.589583 0.017188 0.084722
0 0.328906 0.582639 0.012500 0.079167
