0 0.414844 0.656944 0.093750 0.269444
0 0.963672 0.601389 0.032031 0.161111
0 0.854297 0.593056 0.024219 0.108333
0 0.833984 0.584722 0.036719 0.125000
1 0.557031 0.604861 0.068750 0.162500
0 0.628906 0.642361 0.042188 0.084722
1 0.484766 0.613889 0.071094 0.158333
1 0.283984 0.629861 0.244531 0.187500
1 0.150781 0.628472 0.051562 0.115278
0 0.017969 0.609028 0.034375 0.140278
0 0.078516 0.629167 0.010156 0.150000
0 0.378516 0.562500 0.021094 0.041667
0 0.393359 0.575694 0.011719 0.043056
0 0.421875 0.547917 0.017188 0.034722
0 0.504687 0.583333 0.015625 0.091667
0 0.519141 0.585417 0.011719 0.087500
0 0.582812 0.600694 0.021875 0.120833
0 0.589063 0.542361 0.012500 0.026389
0 0.601172 0.589583 0.019531 0.101389
0 0.630469 0.642361 0.039062 0.084722
0 0.669922 0.595833 0.021094 0.133333
0 0.656250 0.568056 0.007812 0.063889
0 0.685156 0.532639 0.020313 0.031944
0 0.687891 0.591667 0.022656 0.111111
0 0.702734 0.595139 0.019531 0.120833
0 0.710547 0.535417 0.013281 0.026389
0 0.732422 0.528472 0.016406 0.037500
0 0.752734 0.604861 0.021094 0.129167
0 0.771094 0.604167 0.020313 0.119444
0 0.725781 0.595139 0.031250 0.118056
0 0.738281 0.559722 0.015625 0.033333
0 0.831250 0.586806 0.029687 0.123611
0 0.852344 0.590972 0.018750 0.118056
