0 0.513672 0.729861 0.113281 0.537500
0 0.630078 0.637500 0.024219 0.069444
0 0.963281 0.590278 0.034375 0.163889
0 0.831250 0.584722 0.025000 0.136111
0 0.850781 0.600694 0.020313 0.143056
0 0.079297 0.622917 0.017969 0.159722
0 0.243750 0.604167 0.020313 0.127778
0 0.354297 0.564583 0.013281 0.037500
0 0.331250 0.557639 0.012500 0.043056
0 0.362500 0.555556 0.009375 0.027778
0 0.389062 0.608333 0.029687 0.150000
0 0.374609 0.593750 0.016406 0.101389
0 0.404297 0.602778 0.017969 0.116667
0 0.435547 0.552083 0.021094 0.031944
0 0.580859 0.600000 0.022656 0.122222
0 0.599219 0.600694 0.021875 0.112500
0 0.617188 0.591667 0.020313 0.088889
0 0.614844 0.540278 0.017188 0.019444
0 0.632422 0.560417 0.021094 0.040278
0 0.669531 0.592361 0.021875 0.137500
0 0.657422 0.575000 0.010156 0.055556
0 0.680469 0.593056 0.017188 0.127778
0 0.681641 0.528472 0.011719 0.023611
0 0.696094 0.596528 0.023438 0.145833
0 0.709766 0.595139 0.021094 0.134722
0 0.714844 0.545139 0.009375 0.031944
0 0.731641 0.598611 0.027344 0.133333
0 0.733594 0.538194 0.010937 0.031944
