0 0.826953 0.705556 0.222656 0.394444
1 0.858984 0.581944 0.282031 0.269444
1 0.552734 0.598611 0.063281 0.138889
1 0.480859 0.611111 0.061719 0.144444
1 0.293750 0.627778 0.079687 0.133333
1 0.216016 0.618056 0.085156 0.147222
1 0.148438 0.629167 0.060937 0.116667
1 0.014844 0.662500 0.028125 0.100000
0 0.076953 0.634722 0.013281 0.150000
0 0.018359 0.604861 0.035156 0.151389
0 0.330078 0.581944 0.016406 0.069444
0 0.375391 0.604167 0.014844 0.108333
0 0.355469 0.558333 0.012500 0.047222
0 0.392969 0.608333 0.017188 0.100000
0 0.405078 0.600694 0.011719 0.106944
0 0.518750 0.585417 0.014063 0.081944
0 0.507812 0.579861 0.010937 0.081944
0 0.593359 0.582639 0.011719 0.104167
0 0.587500 0.602778 0.021875 0.125000
0 0.669141 0.596528 0.017969 0.134722
0 0.630859 0.643056 0.036719 0.077778
0 0.660547 0.594444 0.008594 0.100000
0 0.683984 0.538194 0.016406 0.034722
0 0.689453 0.590278 0.019531 0.116667
0 0.702734 0.593750 0.016406 0.123611
0 0.710938 0.559722 0.026562 0.077778
