1 0.161328 0.647917 0.291406 0.162500
1 0.205078 0.580556 0.066406 0.055556
1 0.291797 0.619444 0.082031 0.161111
1 0.478906 0.611111 0.057813 0.150000
1 0.553906 0.604861 0.059375 0.154167
0 0.968359 0.605556 0.038281 0.152778
0 0.868359 0.611111 0.027344 0.141667
0 0.843750 0.599306 0.042188 0.148611
0 0.732031 0.594444 0.021875 0.113889
0 0.731641 0.534028 0.016406 0.026389
0 0.703125 0.531944 0.017188 0.030556
0 0.703906 0.592361 0.018750 0.112500
0 0.692969 0.597917 0.023438 0.101389
0 0.682031 0.580556 0.015625 0.111111
0 0.664062 0.590972 0.026562 0.112500
0 0.687500 0.531944 0.006250 0.019444
0 0.604688 0.604167 0.017188 0.119444
0 0.589063 0.595833 0.018750 0.122222
0 0.509375 0.587500 0.014063 0.088889
0 0.520312 0.588194 0.009375 0.087500
0 0.532031 0.565278 0.021875 0.055556
0 0.443750 0.590972 0.012500 0.109722
0 0.424219 0.593750 0.025000 0.112500
0 0.404687 0.596528 0.012500 0.098611
0 0.395703 0.601389 0.019531 0.111111
0 0.376172 0.599306 0.024219 0.118056
0 0.252734 0.577778 0.007031 0.047222
0 0.244141 0.564583 0.007031 0.029167
