1 0.818359 0.485417 0.363281 0.501389
1 0.556641 0.606250 0.064844 0.159722
1 0.478125 0.611806 0.056250 0.148611
1 0.297656 0.615972 0.084375 0.165278
1 0.212500 0.620833 0.078125 0.138889
1 0.152344 0.631250 0.048438 0.101389
0 0.073828 0.625000 0.027344 0.161111
0 0.405078 0.598611 0.014844 0.108333
0 0.391797 0.604167 0.017969 0.102778
0 0.376953 0.603472 0.019531 0.118056
0 0.514062 0.575694 0.014063 0.079167
0 0.521875 0.603472 0.014063 0.090278
0 0.575781 0.566667 0.018750 0.044444
0 0.606250 0.602083 0.025000 0.129167
0 0.631250 0.643750 0.026562 0.068056
0 0.560937 0.558333 0.009375 0.027778
